1.715750663647427621e-01 -1.112694856179631264e-01 3.254690569626196572e-02 1.163799718161254715e-01 3.641603971217884789e-02 1.111691905572708833e-01 -6.652421575346492699e-02 1.392885058524545305e-01 4.046208835515256730e-02 -1.157326700945876356e-02
6.009003795429057604e-02 1.110478012148266441e-01 -5.321142649640368469e-03 1.722631266783329063e-01 1.682270261013006640e-01 -9.963306198748592135e-02 -1.384215493677023456e-01 2.790092978833463508e-02 -8.624019187809177193e-04 1.098410678082348130e-01
4.180134265660595538e-02 1.935729882579502181e-01 -8.289008516142140626e-02 -1.078279845836360856e-01 -8.099742990227280781e-02 1.419537873172820562e-02 2.254868999962767601e-02 1.722259609874343123e-01 -6.903113138664902781e-02 -1.417141556048293893e-01
9.327945462146029765e-02 -4.226652376696692776e-02 1.740483068262240196e-01 7.385609632396318569e-02 1.779782357877995533e-02 -7.108701964322985956e-02 4.302813104774911440e-02 1.236697893178817509e-01 1.182334456377816950e-01 -1.596137039601515928e-01
-1.076528650734989018e-01 1.431215467957535348e-01 1.245260943865317410e-01 1.362534155616417220e-01 -9.939183189461858747e-02 1.105100431162081009e-01 -1.099573957616662018e-01 1.005835354117950720e-01 1.513304455524227266e-01 -4.936522496774039398e-02
1.945085759334890529e-01 2.559557902201219440e-02 6.560384851256903516e-02 -3.032683243655314234e-02 1.193952056908637316e-01 1.769076257429579857e-01 -3.969324612225680338e-02 2.806247155761223966e-02 -1.971058068948160769e-01 -1.550142104581943847e-01
1.226558942987887590e-02 -1.955860730819437288e-01 -7.264161963191401172e-02 -7.431828543709805002e-02 1.324619874121229779e-01 -8.139569084864027582e-02 -9.093024784316232345e-02 -1.870317366785184954e-01 -2.041989333457913322e-02 1.810220297228503916e-01
1.022393277953005386e-01 1.178305035332457285e-01 2.903073405634110440e-02 -6.178147694012237068e-02 1.427008006590149980e-01 3.329103762204185801e-02 1.253026091482158932e-01 -1.634729409924159937e-01 -1.415854190980032901e-01 1.277022561034379666e-01
1.563926697300236854e-02 4.820809590754909953e-03 -1.321156184774279208e-01 1.434443418535773507e-01 -1.722144436156628489e-01 1.067935339215213414e-01 -1.482389333782309915e-01 7.553492649329150710e-02 9.704066959824440841e-02 1.535458883843531961e-03
1.304468178577869453e-01 -9.102838721570065406e-02 1.101900585367081437e-01 -1.224093478368617344e-01 -1.712322333828838195e-01 -3.809151081939152889e-02 2.148769657527138666e-02 -1.656793960700094770e-01 -6.189182147594390199e-02 -2.401326876002947766e-03
-1.307235628314354914e-01 -9.209785410728606181e-02 -1.949756178127222406e-01 6.215894559073687625e-02 1.316715780278064629e-01 -7.062149597900657660e-02 -1.079729953366319745e-01 6.685669878061450966e-02 -1.550698294331711857e-01 -1.319520055197627439e-01
4.034151770312661284e-02 3.365814247828742556e-02 3.630364443098633292e-02 1.788212291014546207e-01 -2.076244658698818066e-02 -9.043423608359689447e-02 1.118203550048955941e-01 1.389190498355963310e-01 3.227891331541354186e-02 -1.734362658703145488e-01
-5.061193196828474988e-02 7.348733985581493156e-02 -1.422853761779893922e-01 -1.833074481570725889e-01 -4.538273532632829121e-02 1.220686049311747318e-01 1.593159198001474763e-01 -1.617359770591766943e-02 -1.752987920245352160e-01 -1.294374661930974835e-01
-1.174877695835126329e-01 -1.051401848719340226e-01 -5.230821479734045105e-03 -1.044442513770898334e-02 -2.326890278767881903e-02 3.359073380579787049e-02 1.973228254705196652e-02 -1.739419714061140598e-01 -2.849323618444958919e-02 -2.770099315723197411e-02
1.520980266990927254e-01 1.616041881565051797e-01 1.431564209823590617e-01 9.810325600362347631e-02 1.651258383178642597e-01 3.091878607513259478e-02 1.846717409346685379e-01 -1.603032155278167892e-01 -1.098443751734713425e-01 8.479490362371246148e-02
-1.099505874738610223e-01 1.585904313450105935e-02 -1.979578082380830384e-01 -1.532203925171397307e-01 6.908677264006012064e-02 -1.050543947048010324e-01 -9.967791970352847530e-02 -1.531341407554581008e-02 2.180097317849795033e-02 -1.238446969198310765e-01
-3.224288139093938691e-03 9.696934146829272461e-02 8.183233281830203099e-02 9.795031005541074420e-02 1.751490557324574815e-01 8.422804128662184087e-02 -3.613301604797233835e-02 8.396249214217259282e-02 -1.194411521233679913e-01 -1.432378643122730333e-01
3.848624660886038745e-02 1.030341534167960871e-01 -1.458029258742144299e-02 8.891394093126661624e-02 -6.645561505435161088e-03 -1.890776296765017336e-02 -2.237250686554393894e-02 6.358643155388174484e-02 -4.005179050072472935e-02 3.914097101420115077e-02
1.838427012190626403e-02 1.417081916076782799e-01 -1.525614360598566421e-01 -8.571277847024798280e-02 4.027725567837795589e-02 -1.816521514831898332e-01 -7.510106097595807551e-02 -2.579462091585876110e-02 1.822478291217148050e-01 2.268837560808262613e-02
-8.938144543371397133e-02 -1.126135147034140402e-02 -6.054951889141757526e-02 -1.415922532086758834e-01 -3.716832013468214513e-02 9.956698614809737780e-02 7.645859446657735092e-02 -4.149349216847074417e-02 1.194165225095548677e-01 -7.243911809798654622e-02
1.428118994687620491e-01 4.823281613639689852e-02 1.479041446360895851e-01 -1.802091589895921941e-01 -7.173269359623056507e-02 -7.095505690557232792e-02 1.889977180232206289e-01 6.244669188535487830e-02 -8.517769744907364993e-02 6.876580605969195847e-02
-1.281208149248187766e-01 -1.389658396342085545e-01 -3.982405093548603559e-02 -5.363265020451501476e-03 -1.008072073230655355e-02 -9.257523090446073688e-02 7.806446545297263595e-04 -1.229666456591979318e-01 -1.993931562501661398e-02 -1.534779866594764564e-01
9.217381168536586955e-02 1.232900898802936490e-01 6.019233711323738328e-04 1.431358370100652977e-01 -1.984311187750557315e-01 3.560914913828011619e-02 8.249291170366980508e-02 6.131899583788520680e-02 1.961657625904821567e-01 1.759692126342536911e-01
-1.056405395726837948e-01 1.057035118898077414e-02 -9.011939661013927683e-02 -1.233998811411868464e-02 3.057452815532051699e-02 1.730019192682013540e-01 -1.967260926656578257e-01 -1.850531510665945067e-01 -3.440687872081409082e-02 7.313140404536742911e-02
-1.060057833432971434e-02 1.058071579411417051e-01 1.012266259148247166e-01 -1.758827074540942476e-02 1.036115965531124172e-01 -4.019727822002328033e-02 -1.571151604822005055e-01 1.765516037305424057e-01 -1.970211733644931240e-01 -3.936959117775360589e-02
8.854666694314397568e-02 -4.296901075819047761e-02 1.587843949525292453e-01 -2.377708561427339592e-02 -4.732844300867471848e-02 2.438150076766062643e-02 -7.154404553947452117e-02 7.407006773846022685e-02 -1.699803005912370046e-01 1.865437103067003610e-01
-1.850499186465077162e-01 1.684881800600939172e-01 1.497698462008984210e-01 -1.037076075858038848e-01 -1.477616715462241881e-02 1.211773418486114529e-01 -1.123786038303689394e-04 1.919600832987906902e-01 7.149943773655279000e-02 1.779366756188634907e-02
1.580815182526933982e-01 -1.442981090501888886e-01 -2.178440247101911652e-03 4.118685243005792973e-02 1.840450058105346787e-01 9.495756283366723477e-03 -1.813442183313315192e-01 6.115744144730917570e-02 -8.191410263603478292e-02 2.960396864228953540e-02
-1.605758416460722759e-01 -7.765812036416243347e-02 1.078519756070194513e-01 -1.005444199497870228e-01 -1.091299968599645925e-01 -1.769043160435623818e-01 -1.352779288747698629e-02 -1.017582973221788228e-01 1.300340819245925650e-01 -9.174510838353495956e-02
1.139949707743849183e-01 -1.617600490513189382e-02 9.841662806098869232e-02 1.751757654032290723e-01 4.813229343168060059e-02 -8.375654045381202006e-02 4.533130449708021315e-02 1.455406197394277026e-02 -2.719716781830696511e-02 -1.016061169680574916e-01
9.501924864169902438e-03 1.565479231222623446e-01 -1.275400123695789589e-01 1.365383824114483891e-01 6.627272475274596786e-02 8.033618824141136594e-02 1.951168584511673854e-01 -1.107329662079233057e-01 -9.892906583530204634e-02 -1.461894705752370405e-01
-1.456792788338269473e-01 1.255747066525238209e-01 5.359844777207567468e-02 -1.215436718091532919e-01 5.008642595449817880e-02 -1.471420107118132092e-01 2.550455848078954715e-02 -1.310740694266070705e-01 1.922042637119985853e-01 -5.781049711977266636e-02
-1.311072228418077579e-01 1.672044926731464931e-01 1.449652742113033410e-01 1.629440231741782763e-01 1.417905543315844397e-01 1.091083039181614395e-01 1.455250973608110225e-02 -1.076340356134837832e-03 2.771933611717354150e-03 -1.252200848268600342e-01
-9.961682088099553523e-02 3.949884483847289351e-03 1.844465805239936251e-01 1.045600285239571547e-01 1.140564837969761103e-01 -2.669296560978401053e-02 1.891992341074665573e-01 -1.806947572670576097e-01 4.427582400905895332e-02 1.933458793538161136e-01
-5.937338232631442225e-02 -1.469193233297885204e-01 1.151182673529961148e-01 4.769626704538825618e-02 -4.127620882264742413e-02 -1.801611631736227404e-01 -4.904929676345293199e-02 1.335452873799820583e-01 -5.359636423945830092e-02 5.426223405372015279e-02
-1.368003270407181782e-01 -1.737754682951355711e-01 5.702504416028810613e-02 -1.224083888391966496e-01 1.699282472228517415e-01 -1.989904757094314303e-01 -1.651789944454367665e-01 7.386429264090897673e-02 -4.720128028161646450e-02 5.579625382890461560e-02
1.529831561369824067e-01 1.877389380119708073e-01 1.594730190458908403e-01 -4.480277126160465279e-02 9.455224036413774347e-02 1.766343227937509641e-01 -1.436856418462453822e-01 5.221251101277200879e-02 2.021244863370197029e-02 2.136707212506422718e-02
-5.521714710932338482e-02 1.870519579971354207e-01 1.214585344991644944e-01 -2.465535854229203294e-02 1.687199928666792137e-01 1.906282028783186713e-02 8.496651559141937815e-02 -1.352086932908357908e-01 -1.977502092462888605e-01 -1.521123974995612291e-02
6.074652520444790565e-02 -1.973357631641074750e-02 2.160526502686562628e-02 -2.046667991409462442e-02 1.484081608133558938e-01 1.463968962817288610e-01 -1.744740492523939868e-01 -1.276478856191828881e-02 -1.917636534058862752e-01 4.013028866943718631e-02
9.016211912411534191e-02 -1.190750470215533180e-01 -2.977844652587774768e-02 -1.788643859165745809e-01 5.345955413867788109e-02 1.075042476011578950e-02 -9.652578445205883817e-02 1.769510717951809364e-01 -9.420607360680040288e-02 5.618641985759760538e-02
-1.387198447430441905e-01 1.740066940822746211e-01 -1.221003524174688742e-01 5.974903308875704339e-02 1.291135631256674354e-01 -1.276425626770935351e-01 5.025680389051014052e-02 1.712554507330060483e-01 1.966309597214896399e-01 -6.868095535599706356e-03
1.252573506747828649e-02 1.628815136325280008e-02 1.602326777294476035e-01 -1.647861309841786581e-01 -1.979265645890098124e-01 -1.076215182522945735e-01 5.465841643916950071e-03 1.467106442975417979e-01 1.381779284147413023e-01 -1.536826800011281136e-01
1.917032764250825583e-01 -1.697917758327385229e-01 -4.987921901307707656e-02 1.297437446397829153e-01 -1.740514087232562235e-01 5.222124095656435760e-02 -7.142121742770540793e-03 -9.124233812831485102e-02 -6.934590772524731883e-02 -7.245283366256163871e-02
-1.767945736035945459e-01 1.562485897494419324e-02 -1.093339937166330905e-01 -6.889246726308119462e-02 -1.802468365113058801e-01 8.936833917559194873e-02 3.479338063075694543e-02 -6.479277333374841574e-02 -6.715340026222268999e-02 -2.470108546117409307e-02
1.074942555489028367e-01 1.046423602138761566e-01 1.977443218376422063e-01 1.213893595531915712e-02 -4.179930555531783526e-02 -5.511217095512449538e-02 -1.483276280284203941e-01 4.139024704015458606e-02 -1.043575566240889790e-01 1.011033773799436125e-01
2.538502412055445440e-02 -1.109942591404136092e-01 1.557408464398692127e-01 -2.791271706786985565e-02 -1.982820378958632251e-02 -1.764620059897279714e-01 1.126600183080037343e-01 -5.295077144811795311e-02 -1.922006178812046273e-01 1.130551906314475746e-01
5.515848419664994701e-02 -1.693236953835009495e-01 9.984493093200459690e-02 -1.029591106590845434e-01 7.300784416303154889e-02 -2.665114861655042827e-02 -1.009139365307333697e-01 -1.341770226712602210e-01 1.920198421597069383e-01 1.547634059178304988e-01
-5.813502488855436245e-02 1.946684074708812662e-01 -5.346068608728172383e-02 -1.130531632387485330e-01 1.042062063394826321e-01 2.659960674933102218e-02 5.784940359819714523e-02 7.391307581158645945e-02 5.548751125925564104e-02 -1.168022853853037044e-02
1.045274759842069606e-01 -1.661696940062075412e-01 -1.135393149041791366e-01 6.814495885764741689e-02 5.888066145634300586e-02 7.697608470841077466e-02 -1.942362758112492760e-01 1.158153195894180976e-01 -8.436778217920611056e-02 2.291789790041136657e-02
-1.464728455731200418e-01 1.026043815889160771e-01 1.130888386105035337e-01 2.392550633597283552e-02 1.815748437778407498e-01 1.730657326648422922e-01 7.529470618453872055e-02 -1.740709110953522210e-01 3.661767132146580284e-02 1.211215652795930436e-01
1.591250895422716416e-01 -1.157833891812467958e-01 1.925571748017981255e-01 7.702170523164257598e-02 1.705710593758575921e-01 7.745654349350253320e-02 -6.204643692658955156e-02 -1.898337705025346933e-01 -1.886849617403597301e-01 1.642105739934663633e-01
6.144968174438655145e-02 3.216956847784460671e-02 -7.524134957607782337e-02 9.477141846864844954e-02 -1.719839045640771460e-02 -1.844209438566552645e-02 -1.787379472011791925e-01 -4.035828144217439017e-02 -1.911626411073917842e-01 8.930995897184229593e-02
2.265251706736872220e-02 -4.382933997587037250e-02 -1.045306070726676195e-01 1.936663634364736708e-01 -1.059474984562742278e-01 -1.402825689208495874e-01 -1.189352469444833610e-01 -1.641530394459099762e-01 -1.207465365839053284e-01 -5.818396663400997315e-03
-6.133875272302917459e-02 -1.940931501330706577e-01 6.717293418826061902e-02 -1.072312424517557761e-01 -4.682877013386595871e-02 1.245445401148425751e-01 1.299896807563216128e-01 -9.787857400416459519e-02 1.308423611756605598e-01 -5.130113565789527590e-03
-1.087758988481764000e-01 -8.513705530329354620e-02 -1.096836505812014140e-01 -1.139903530306449891e-01 4.940802381092399692e-02 -9.754685291697789973e-02 -1.384347925456342332e-01 -5.922101063489376704e-02 1.215460403820730201e-01 -3.327257447513945476e-02
8.566261822361435907e-02 -2.965084900528177150e-02 -6.044765679006605663e-02 -1.829787806086045354e-01 1.382194983225662754e-01 4.353514434520188575e-02 -7.535858639791315206e-02 -1.079201653209074657e-01 -3.332295999794866129e-03 2.955085631965412296e-02
8.945845659016751772e-02 1.592786005081193723e-01 -5.070214349309241225e-02 -2.408754994246707290e-02 1.353001723986405058e-01 1.847408422467681777e-01 -3.797243382603449069e-02 -1.050751503944602483e-01 9.764572512592363529e-02 -3.921794373998449545e-02
-9.281009208094730123e-02 8.588294681253992244e-03 1.263315438298448223e-01 9.555296706455321254e-02 1.217293783581525901e-01 2.308872249221367856e-02 -1.449079760567671127e-01 -1.361943584093536393e-02 -2.206468900592119600e-02 1.381839335800942314e-01
-1.624457610367824045e-01 -1.991252347611044762e-02 1.549835026771069491e-01 -4.056194011114926112e-02 8.898428340977315720e-02 -2.795401898487118522e-02 7.408544658633413327e-02 1.087605455134920129e-01 -7.257783645361030878e-02 -1.857504252243957210e-01
1.393069976613444116e-01 -1.483599992707990423e-01 1.361509633070376313e-02 -7.989088145598306767e-02 -8.084324331932174479e-02 8.449342312735461102e-02 3.325091951958367154e-02 9.576807205367438014e-02 1.998540539032020724e-01 1.924745298970769736e-01
4.137833915625134355e-03 1.293624602169557783e-02 -1.028733937251351122e-01 -9.147232287182312238e-02 -1.138586262394794268e-01 6.974487247946500879e-02 -1.832341631385118186e-01 -1.574951766884805926e-01 1.468194876135801019e-01 -9.460646286801203952e-02
-5.529873105264480893e-02 2.217483162155307191e-02 -5.537608326590782309e-02 1.076208716150266892e-02 -1.936402300421349587e-01 5.610157931594318692e-02 -1.404605273796602771e-01 1.198536189031389060e-01 -1.960047305241722770e-01 1.042745527453564497e-01
1.957280086756915116e-01 -1.439678264080891390e-01 9.922701781149585731e-02 -1.491135186547863922e-01 -2.120615314952191757e-02 -2.381889932535957016e-02 1.210470591488186087e-01 -1.248618517778114917e-01 5.084947795413218181e-03 9.602484182485930553e-02
2.632777589439769250e-02 3.797346570770122193e-03 4.570006177129177366e-02 -1.292537902130596883e-01 -9.781687388775541989e-03 -9.010963182913996061e-02 -4.209038131559341561e-03 -3.944387890476876157e-02 -1.510553765006667493e-01 7.823065146750561930e-03
1.933369217858125211e-01 -5.551777512894998101e-02 1.291810565229417063e-01 -7.374344320270288800e-02 -1.429038337492138100e-01 1.273088525158412587e-02 -6.598231254356956912e-03 1.219480397356623586e-01 1.631347901877617246e-01 -1.414470186239581428e-01
-6.806083221299971675e-02 -7.437865182785813323e-02 -1.101927458711922381e-01 1.435998533039797576e-01 1.464020955956148451e-01 -3.078140460919492546e-02 -5.561388564290209446e-02 -1.284230321781521522e-01 -2.781841825389733819e-02 1.279363206162995870e-01
-5.804209038906436857e-02 -9.118620669320182115e-02 -1.518293906516972325e-01 1.025427605355423710e-01 -7.765111637668013767e-02 2.993105828239987429e-02 -1.781341754515439468e-01 -1.637437070350402923e-01 -1.799953738816960913e-01 1.763168468780301756e-01
-7.148865124108969016e-02 1.214401102123345427e-01 -1.740113471910457316e-02 -1.943025661318340536e-01 -1.827993147978528299e-01 -1.097645433594615638e-01 1.163532137405661748e-01 3.887948702401531481e-02 -1.382411859483218819e-01 -8.138654765517362721e-02
-1.848872058557138043e-01 -3.886661021250518294e-02 7.088354919826474199e-02 1.880756954526025537e-01 7.242617267921254431e-02 1.059277756898162198e-01 9.405744803800993037e-02 -1.736407506311521132e-01 -1.564210364262346165e-01 1.642267740512425023e-01
-8.882199136641623360e-02 4.419924330307785365e-02 -2.000813173282383894e-01 -7.459484595035423271e-02 1.833007313454775022e-01 -1.465856742424508641e-01 4.010458179294012354e-02 -5.912100239285130593e-02 -2.203334868914112038e-02 -8.514521158633492348e-02
-1.121761955276732309e-01 -7.952284511392843092e-02 -1.667872975908401278e-01 -1.024479407948542670e-01 9.149153744650380393e-02 1.152509218833819987e-01 1.701743197184095099e-02 1.951564260985517996e-01 -1.705031665794699003e-01 1.352073626506007653e-02
1.275065175167648390e-01 -7.662667500388251410e-04 8.874650159926469883e-02 7.172845470879525218e-03 -9.895062859251993470e-02 -3.946502223592255471e-02 8.347381515207091818e-02 -1.211039984874559723e-02 -1.137718325015660281e-01 1.168244737478318224e-01
6.018471996101618787e-03 -7.883671998604623032e-02 -1.454397985729757869e-01 1.076714081929221745e-01 1.147263355930479428e-01 4.937111537745512979e-02 -1.279420670751644784e-01 1.601563588679220940e-01 -1.193453703064590726e-01 1.996967721535077289e-01
-1.185770186486088257e-01 1.527829151762768178e-01 1.907031707693092881e-01 1.829171193145861518e-01 9.800678551790757698e-02 -1.987357713704530904e-01 7.886444853118737552e-02 7.603910505660141372e-02 -1.044951163588807436e-01 7.780299468741383451e-02
-1.677019989962467150e-01 -2.764725753556001447e-02 -1.983290759581410323e-01 2.012759089538541241e-02 -2.850849646919327487e-03 -1.679773285267377181e-01 1.346665708950642582e-01 -8.795085290189751104e-02 -1.535644286882545950e-01 3.965156590350922550e-02
-1.754589430219509194e-01 -1.312007763603422750e-01 1.593970075190755953e-01 4.486722434101547002e-02 3.121215404370206170e-02 2.226056205708294277e-03 1.697207660509126304e-01 -1.615269486192493983e-02 9.968358245174388510e-02 1.348250564771952265e-01
6.636101350481993233e-02 5.434910910790314090e-03 3.183658711844766787e-02 4.386027394050218825e-02 1.274552109252237164e-01 2.824284896792917526e-02 4.747027369395430407e-02 -1.745499921838943036e-01 -7.713470710210901249e-02 -9.508947701985272227e-02
-1.667437175252129145e-01 1.746877031455030815e-01 -1.988519906575424989e-01 -8.285944353528354456e-02 -9.041948101214999922e-02 1.067865341091065318e-01 3.328515122416275673e-02 -1.778372288879124380e-02 -8.602171487651023851e-02 -3.379333645560759353e-02
-1.010748776321989707e-02 8.625978997012732907e-02 1.240677608217775202e-01 2.478215269952915856e-02 1.938169599279653543e-01 -2.111813069878984428e-02 1.838845042205816682e-01 1.409337913686021723e-02 9.045197192023492205e-02 -3.692255037873440338e-02
-1.151372322430881528e-01 1.652060578673371083e-01 1.952425028445894939e-01 1.430081189402001435e-02 1.558503884300572184e-01 1.066535024655762831e-01 1.711740706933532752e-01 -5.578429375884594310e-02 3.006191511527340088e-03 -2.853912285455968006e-02
1.079123897239448043e-01 -5.909698726536146557e-02 -1.665459200511288859e-02 -9.360117968058635773e-02 -7.622241833879926654e-02 7.028972922731470396e-02 -6.185087420609018671e-03 -3.914156882712520324e-02 -1.812906695755785863e-02 9.736128065059040937e-02
7.204205494263287400e-03 -2.002361983165668324e-01 8.685098546171002298e-02 -1.098706618410329044e-01 -1.608721679769140045e-02 -1.311913622970878601e-01 1.374944733702530009e-01 -1.271390041503583923e-01 -6.213521326960892016e-02 5.896354942638269703e-02
4.953334429023354551e-02 -1.323247573957648804e-01 -1.154976318666876417e-01 -1.859788232280614184e-01 9.206233070614288153e-03 -4.171558473148632290e-02 3.663844766228339760e-03 -6.214414748784956311e-02 1.055621688978218009e-01 1.461968514103570982e-01
1.279253589740415864e-01 1.308049925732594210e-01 1.113947513397484240e-01 -1.018994876610323924e-01 1.538604383447091453e-02 -1.005302231610380459e-01 1.863550291779413337e-01 1.175395408615675374e-01 -1.133612557785645958e-01 3.167720128963264631e-02
3.952797502585733702e-02 -1.350288738674885192e-01 1.028327487857715328e-01 -1.321798111615023474e-01 -1.297123773531973501e-01 1.412822532138349185e-01 -5.392523244069472033e-02 -8.522793684476197285e-02 2.798163839491159960e-02 6.132863543977561810e-02
-1.839274660598857192e-01 -3.468082607003251244e-02 1.400842216238924465e-01 4.855862014371638974e-02 1.719180474618750287e-01 1.558581400067304834e-01 -1.447124086604096027e-01 1.647128846110325062e-01 -2.250289766259562854e-02 -6.874863859193479365e-02
-1.138037075519374719e-01 -8.617146057297769834e-02 -8.543948923340284607e-02 -9.475973534368654916e-02 7.204172571980514694e-02 -1.920803501395753066e-01 -1.571193815754555120e-02 -1.104846114484715619e-01 1.715166619586017682e-01 1.032589734461669406e-01
6.079280384935354525e-02 -1.331208788760842865e-01 -1.656071924212654534e-01 -1.463316032995936045e-01 3.158651605881095809e-02 -7.439980301274828900e-02 2.814209163358674659e-02 4.056965569089437257e-02 -5.828250026608954720e-02 1.221068241086542827e-01
5.136700019389526389e-02 -1.995612423974625349e-01 2.794836300769773432e-03 1.938101028361118860e-01 -2.002579437813062635e-01 1.127174468681764463e-01 1.674093219493348605e-01 -1.642607304293642601e-01 7.724379960458410688e-02 -1.828065596627493905e-01
-1.498390554952866716e-01 -1.840868669971230109e-01 -8.946283503659535619e-02 -4.583226879837751233e-02 1.061388602960374426e-02 -8.193232088250717443e-03 -1.800481556742155875e-01 5.386554576458475047e-02 -1.080898302106133857e-01 1.067379744864448698e-01
-4.464500533684885065e-03 8.807175839590031252e-02 -4.646795153074667617e-02 -1.834716024769547094e-01 -2.058998855826529861e-02 5.849698347212244076e-02 -1.926018082046248581e-01 -6.681468217169614365e-02 1.847590016003746172e-01 8.221388290684709943e-02
-1.586142381406137891e-01 -1.851120678713831236e-01 -2.888207897350112199e-02 1.321511755268267585e-01 -1.995732450425309334e-01 1.084991877365863167e-01 7.057327742680076510e-02 -1.768065985215283020e-01 -1.183150278193836752e-01 1.372624711197508729e-01
7.225848178590402182e-02 -4.999502940775265442e-02 5.920901550343747599e-02 -5.031535166717220758e-02 -7.825424596625263352e-02 -6.789316846279777606e-02 1.635464629757690802e-01 -1.014798116331406402e-01 -3.013983388161931704e-02 1.315598092366823124e-01
-6.908213821010364582e-04 -9.679173194141958703e-02 1.332436599947958156e-01 3.772367661351094109e-03 3.608501297412225473e-02 -1.101948270535759583e-01 -7.844009749083795391e-02 -1.931317421115169852e-01 -1.018916385863275209e-01 1.015793338239579929e-01
-5.743820657165920468e-02 -9.551491077070149716e-02 -1.047324072739577588e-01 -1.224991619971442236e-01 -5.763041183877808810e-03 9.318505514870084605e-02 -1.486892235557485953e-01 -9.837488290435807137e-02 -1.168472749837511926e-01 8.540320701529008351e-02
1.755344024355610238e-02 -1.028638997687165713e-01 -1.349280251559653587e-01 -9.536159057460828758e-02 -8.923620949725750984e-02 -1.338372489263015344e-02 1.348809928023044780e-01 2.669119026055521982e-02 -1.267714175175987945e-01 1.486324551647119074e-01
7.810062665873891176e-03 -1.445881161665976133e-01 -3.521686788250839167e-02 -9.407708172547127323e-02 -1.622451144725569061e-01 2.611163170150514190e-02 -1.681258086038623645e-01 2.369867307054746366e-02 1.374890690023562179e-01 1.375556837761460205e-01
-8.433610713839177764e-02 -4.540868247365122123e-02 1.685443731015269231e-01 -1.385229062929248522e-01 8.336788531749113329e-02 7.090755366022299944e-02 1.628684815150478749e-01 7.250731138896684969e-02 -1.297362078899169831e-02 7.130094330398285829e-02
-1.711663197461873176e-01 1.627470707056141441e-01 -8.179136675983268712e-02 1.061228497643585539e-01 -4.301932720856963682e-02 -9.910980459210472215e-02 -1.086803763983676674e-01 -7.633668996809096774e-02 -7.837916721590883207e-02 -1.131241077237036124e-01
-1.312291894685616578e-01 1.191613664371888731e-01 1.102594961417111552e-01 1.307962973736268575e-01 2.643501924005030659e-02 8.285373885557807683e-02 -1.163210217783247902e-01 9.011898568292249501e-02 -9.213678654125653789e-02 -6.904671637065022682e-02
-1.309188029354421967e-01 -9.218210962990041127e-03 -2.812066674507713790e-02 -1.880712111958979249e-01 -6.932980653086770473e-02 1.513497107726330948e-01 9.642837249382009424e-02 -1.610103260519576140e-01 3.524167617077878650e-02 1.996883481135708904e-01
-6.802698282986661960e-02 1.191760308669096158e-01 1.426826097215331268e-01 -1.190694071337343590e-01 -1.829609872609470611e-01 8.356787502701229498e-02 -1.593455105478853162e-01 4.904632776046894543e-02 4.640394126976863515e-02 -8.362606623091603519e-02
-1.839505457686234358e-01 8.017527142506235965e-03 -1.675742511180984551e-01 -1.964855843663306234e-01 1.879267850573567988e-01 3.649368793507311998e-02 -2.984137992044685536e-02 2.332567613076421201e-02 -1.889013426454549394e-01 -1.433842659364944483e-01
9.989632868469003335e-02 4.460153852710657847e-03 1.535321397408870026e-01 1.372916190568643779e-01 1.072382786914586605e-01 -1.820884980080060001e-01 -8.591604228831586920e-02 -1.723188888388692275e-01 -9.149518289919669756e-02 1.261562074463825900e-01
8.325302942040344739e-03 1.067913338214218633e-02 -5.170265084113902926e-02 8.810634128658109687e-02 7.922540676611773691e-02 1.977749083794903273e-01 9.328222173199504641e-02 2.285067186475554790e-02 9.451291696515971841e-02 3.378905268757457364e-02
9.123717296563688128e-02 3.309143879548179235e-02 1.883543074440107989e-01 -6.591928214324449531e-02 4.942500242333631305e-03 -9.163763092588908532e-02 1.159960218455528963e-01 -2.003780518188789384e-01 1.856929465936222878e-01 6.786657227599224296e-02
-4.605350540952726085e-02 1.459059205968177564e-01 5.131791763751446939e-02 1.427600921685278079e-01 -9.097027750940249805e-03 9.467506810250975180e-02 1.606994053446401394e-01 1.390824391092147227e-01 -5.122698702651475033e-02 1.717207045233871410e-01
-6.145189831005933023e-02 3.792078735374210946e-02 1.666653354910873075e-01 -2.003444894937323265e-02 -1.838786405719116390e-01 -4.287298706532467751e-02 -5.998003414408934614e-02 -1.509043235202527262e-02 -6.924151835691086387e-02 5.816004361651722077e-02
4.145393547783547510e-03 5.519081155533359095e-02 1.052385281756630236e-01 1.571343897572173298e-01 -1.132079411671836622e-01 9.530827414557066501e-02 7.709415173981441771e-02 -2.618454638092010400e-02 -1.441102191880124228e-01 -1.930666237920687089e-01
6.593778216627448063e-02 8.668999120541140413e-02 4.897051680230340986e-02 -2.207610436432381334e-02 1.160589861311398787e-03 -8.530932490964091008e-02 8.128941234374766067e-02 -4.195411761339634671e-02 1.130455942176628870e-01 -1.088148564851615097e-01
-4.571757120979683814e-02 -7.861470419100416440e-02 -2.468401323025084734e-02 5.476672668837369307e-02 2.000703031240053942e-01 -1.100317856766097752e-01 1.993935785907597624e-01 1.480470654105645323e-01 1.956915481101111909e-01 -1.097405951363937676e-01
-4.923950533492367498e-02 -4.938054672700440545e-02 -1.346373077133877494e-01 1.344158744500624503e-01 9.253753688589821946e-02 2.100264137747683696e-02 -5.237872978278134556e-02 -5.734990465226400685e-02 -5.020750482006980375e-02 -2.967595683589599811e-02
-1.195869300107158806e-01 1.235110915702368473e-01 -1.987735597457647718e-01 -1.444072846926832132e-01 -1.202323112858584980e-01 -6.890077952467821287e-02 -8.999966082476884566e-03 -1.843495823063779071e-01 -8.916167975026881298e-02 7.065696382893489613e-02
1.005795054016952045e-01 1.709709051592513962e-01 -4.340926738107827448e-02 -3.094429213796215383e-02 5.315446867599216141e-02 -3.383961771191198314e-02 5.159488174909567654e-02 -1.120174535200780669e-01 1.213008091133394722e-01 -3.829751796128110647e-02
6.403148216968193585e-02 -1.682537583563340211e-01 -1.292826166813434152e-01 -1.747350891323505573e-01 -5.001094002366976432e-02 1.775149918460625365e-01 -2.379443577818911304e-02 1.238414324810461070e-01 1.884638390123263285e-01 -1.735775328077680812e-01
-4.697932718282123860e-02 -7.927326105323076466e-02 -1.403973467199048572e-02 1.588258393414264391e-02 -1.770274026838811188e-01 1.187622150035021057e-01 -1.461363588582353656e-01 -6.240774008315363997e-02 2.862982109028438735e-02 1.008796076330211594e-01
1.178230423104032060e-01 -6.937679298553409146e-02 -1.119309445330386732e-02 -1.438187800422144336e-01 -7.916623032566581786e-02 1.188951688386053439e-02 1.317157788779872163e-01 1.909424959690991519e-01 1.194067313656750340e-01 9.393981437116984134e-02
-8.669497177545984479e-02 -7.076222146356371534e-02 -1.604230254245755938e-01 5.463198421735770277e-02 1.655018699504880869e-02 9.027316152866739218e-02 -2.275435557084855287e-02 -7.680154930108312218e-03 -5.392440252943069001e-02 1.347661369264802622e-01
2.470432875737879966e-02 -2.753053485515642024e-02 1.269531103878232814e-01 1.772841888754829176e-01 9.654427654104139056e-02 1.253700450849305204e-01 1.461903689258547412e-01 -9.462139131610637632e-02 -7.460706678627379573e-02 -1.567026992351945036e-01
-2.160667700334874611e-02 4.346655738722957074e-02 1.390739985306045923e-01 -1.277321451810639052e-01 -1.391588403990007827e-01 1.264541527433391821e-01 5.076091488115996170e-02 1.881339971088842947e-02 3.358842200893835672e-02 3.471989656853700923e-02
1.419487456153574745e-01 -5.986258841111842012e-04 1.400240797061139686e-01 2.748002858888870872e-02 5.788222732212865845e-02 -1.079762660747486808e-01 -3.124934149813328454e-02 1.909201301850492472e-01 -1.413361408011635234e-01 5.225665193855041912e-02
1.244521954995585489e-01 -1.407309884497180696e-01 -6.211694278760521160e-02 3.512280482139364807e-02 -2.362122133931413709e-02 3.204762493636040960e-02 1.675319634033580751e-01 -1.693806965249586849e-01 -8.788469405308912963e-02 1.489792941997435116e-01
-1.361787927951754462e-01 -1.588714356254974369e-01 -4.628194610028867062e-02 2.049761258489713259e-02 -1.763547192988888443e-02 1.661425588139234799e-01 1.165833237575891468e-01 2.077481110870810915e-02 1.072627014830540432e-01 -5.890579103208455625e-02
1.594272072229576120e-01 -9.297198335635081801e-02 -8.509389517213293563e-02 -7.598932376330830296e-02 -3.708856654630422744e-02 1.693047948431716521e-01 -5.860417863357793300e-02 8.782810466970815411e-02 1.369626564750029973e-01 8.868364391034490313e-02
4.432668032728683677e-02 7.663176170587959746e-02 -6.134371474821999348e-02 -1.002535180990240804e-01 1.252122137355462517e-01 -1.253315313964580846e-01 -5.590474466339909188e-02 1.844198334266176076e-01 -1.274604722133826362e-01 -1.253915771321288952e-01
1.238830576181592091e-01 -1.180365239913907932e-01 -3.462924096184227113e-02 6.027710664520146561e-02 1.179944522162976045e-01 -2.349920771512549814e-02 1.793712660149672233e-01 7.783093138014557377e-02 -1.232734216378617714e-01 -8.814305863806026417e-03
-6.777832758281668313e-02 1.723526982515154182e-01 -1.596338436891120705e-01 3.866167353943941731e-02 1.524222016578725969e-01 9.295266752864983842e-03 -1.863606552312886411e-01 2.619038845239544944e-02 -1.166254451104289241e-02 -1.270150978465188207e-01
-8.816602972432330612e-03 -7.658754764026080852e-02 9.025787986304960320e-02 5.247341022395947407e-02 4.699168612762917585e-02 -9.465343997299391354e-02 -1.416971703729024978e-01 -7.565105604742505818e-02 -1.376966300166911246e-02 1.523287268608531086e-01
8.722747101794017799e-02 -1.871757956782300614e-01 -1.352048008266970025e-01 2.021465092625937890e-02 1.000683938108395676e-01 1.304163822347213092e-02 5.324911279843831668e-02 -1.514933994320170063e-01 5.961110388971476576e-02 -1.838779328552401018e-02
-5.471155923013053951e-02 9.559011887640750382e-02 9.258575606482453979e-02 9.791216205022308661e-02 1.120593387850908201e-01 6.762218581335745216e-02 -3.492338162734012763e-02 -1.626103646100658384e-01 -2.123296708130102337e-02 3.971651440599676536e-02
-1.697168885195992905e-01 -8.588747176040793796e-02 3.002878317510631473e-02 -1.970394522469047505e-01 -1.643857375591782632e-01 3.846086279671042524e-02 -4.743565082382559389e-02 -1.707412450705040052e-01 1.191124551886390548e-01 8.749403761561413972e-02
-1.913004916766781749e-01 -1.253222644281297427e-01 1.705806016342274467e-01 -5.860686941239545006e-02 -8.788370512761378706e-02 -1.592198277617589419e-01 1.863802775561959335e-01 -4.819976103262944150e-02 -1.637244503978746782e-02 -1.237448929756454069e-01
1.516358548753557189e-01 -1.911607466248307075e-01 8.921179967960976565e-02 1.062382346067241301e-01 -1.506960915639217746e-01 -5.254702531496086709e-02 -8.467626246898654618e-02 -1.361714064719576345e-01 1.978533086180954692e-01 7.524294063504165415e-03
1.934392428702859726e-02 -1.221765626556022971e-01 -2.212259406990158689e-02 1.690724726187349536e-01 -1.640589348102348410e-01 -1.452715208641907826e-02 -1.079043029436928952e-02 -2.769842918652718963e-02 1.076348498984951857e-01 -5.327420695177138843e-02
1.850842316945658650e-01 -1.131744141129470138e-01 -3.561336582177043741e-02 -1.930634982249860090e-02 1.638660057728035802e-01 1.230142811807725528e-01 -1.039654949742515877e-01 -2.478058128141231997e-02 1.622695934849333055e-01 -6.556693500557216059e-02
1.603568281629483838e-01 -4.809766231220597571e-02 1.644364445835035660e-01 2.073189095668451915e-02 8.814823029216445338e-02 3.822830160902017382e-02 1.493766944565903809e-01 6.155601643074676277e-02 1.999810591142212393e-02 -9.164806956213809863e-02
1.416584999437045800e-01 1.672667546210970246e-01 1.470124480898326591e-01 -8.699980670246967862e-02 1.067598064611485209e-01 -1.842133818006234935e-01 -1.927858867730782300e-01 1.144083202903472540e-01 2.051380638302948214e-02 -1.649388856157422145e-01
-6.273677087595651292e-02 -6.160396979695810515e-02 5.981731931576477618e-02 -1.968924734505243246e-01 -1.706791924447191577e-01 -3.265585713961230430e-02 -8.202871805933596369e-03 6.995799638749326810e-02 -8.050863469493826918e-02 2.830211271737407414e-02
-1.422873397712355300e-03 -1.393185794756124363e-01 -1.538146416174629716e-01 1.116154766164468987e-01 -4.880801738949057389e-02 1.903077877547563468e-01 1.565966055527951151e-01 7.046286268646452522e-02 -1.440666414073761559e-01 -3.521557766404448397e-02
1.346888958068993836e-01 -1.147323971497452022e-01 -1.327659151395492454e-01 -7.072094059934444510e-02 3.064393629637892150e-02 1.857041365646233955e-01 -1.402274779219630785e-01 -1.206681994823281812e-01 5.174818754694524708e-02 1.486899650392703442e-02
-1.888368039065777548e-01 -5.908213376554674601e-02 -1.286447308768254305e-01 -1.712419535922986014e-01 -6.682392156402149064e-02 1.413654440882904373e-01 -3.392958099589617194e-02 -1.017151778806349022e-01 1.169290700962319351e-01 -1.823088364660524208e-01
-1.382532257463454373e-01 8.758325587660037437e-02 -5.499786316186626445e-02 3.151897194385114981e-02 -1.850976249119997141e-01 -5.879955379409675109e-02 1.719545487561482955e-01 6.803049477880709212e-03 1.935312151782243029e-01 -1.801138104879502766e-01
1.133339435171368953e-01 -6.228314796811623005e-02 -1.728625345279197201e-01 -1.495207410700929995e-01 1.873843516276793575e-01 -1.780742708440526956e-01 -1.031314416070628626e-01 -1.646043086487054830e-01 -1.147876009114020684e-01 2.080057335210134042e-02
-1.342202855275211326e-01 1.222955385396134326e-02 -1.826373428651203168e-01 -1.103672355564037089e-01 -1.247188864297952837e-01 -2.682621007818506570e-02 1.220302720488355003e-01 1.348151424882337024e-01 9.667081280346372096e-02 -3.097607018610611367e-03
-1.484289723551665899e-02 1.425822645721849802e-01 6.846137374057162384e-02 1.190782973335182543e-01 2.785759669742600853e-03 9.390082417927399228e-02 1.697871697602577057e-01 -7.170758694853850146e-02 1.277397444050625275e-01 3.106607290239844776e-02
-2.062813555532498622e-02 8.493624956524500891e-02 -6.174321124583889708e-02 1.600608547010513028e-01 -1.187777190568522212e-01 9.251954906631962294e-02 1.933264744992748210e-02 -4.893538842251607401e-02 8.299243662343359917e-02 -8.362979612046263223e-02
1.102662741651638661e-01 -1.433987918604799627e-01 -6.789989752117493726e-02 1.530897232836125541e-02 -1.001188955915322115e-01 7.499666446035355150e-02 -4.662392955300196165e-03 -1.374532618784764793e-01 5.026469187531253796e-02 -8.614115663494520403e-02
-1.624878165276522068e-02 8.451115527492361612e-02 9.477630510656284701e-02 -1.133536214710701706e-01 -5.061318670879508264e-02 7.371665549925525418e-02 7.067963680956941552e-02 -1.825685893571984131e-01 1.391226941103118064e-01 -1.768249524353565916e-01
-7.123819052140094310e-02 1.398025106288763031e-01 -1.543213004848582350e-03 -9.689515308084879763e-02 1.621074028567476011e-01 -7.017351403499852425e-02 -1.254126499750047585e-01 -1.856132301155890840e-01 -1.832342900445191047e-01 -3.458699382716872578e-02
1.731218145495166394e-01 -1.824284087357920803e-01 1.010952071868514469e-02 5.403539190467177705e-02 -1.389123387936976213e-02 -3.138469296343893850e-02 -1.769548783863343355e-01 -4.449391003690304769e-02 -1.779096480699680072e-01 -1.382617707933527507e-01
-1.859994672003507654e-01 -8.253151156506191577e-02 -3.971717509878326668e-02 -4.336116686280169080e-02 4.567724124835428196e-02 4.479065252260827634e-02 1.935909458182590581e-01 -5.667685025696685142e-02 -1.214725884302168407e-01 -1.745128275749432412e-01
-2.195198744409750449e-02 9.623114511258054615e-02 5.747724756863875628e-02 -1.690541675926241771e-01 4.373572270423192743e-02 -6.118288006328718998e-02 1.629595668319991641e-01 -6.947865840922050340e-02 -1.281795824447719279e-01 -6.520186703386691984e-02
1.965390609020113144e-01 -9.813286802888879223e-02 6.650190392158904229e-02 6.850638591831316460e-02 3.638900129178235937e-02 -5.874936855902136018e-02 -1.525675363797610595e-01 -1.167730430161025845e-01 -5.148963821393537366e-02 1.209102081073157031e-01
-1.915359003922529890e-01 8.415856903613014306e-02 4.882205379449595581e-03 1.462947994587168732e-01 9.973524629925273333e-02 -1.649805806200345670e-01 -3.006483245130713716e-02 1.016403720889817175e-01 -3.473374320564828061e-02 -1.579671748698968647e-01
1.011874252347523540e-01 1.156280029833932771e-01 -9.783907039257570826e-02 -1.313137100439065175e-01 9.035020852864375507e-02 -1.860409744450971792e-01 4.647921060033955581e-02 -7.697924754759918886e-02 1.711526431187660249e-02 -7.943567324002688557e-02
2.170852193748131626e-02 1.980305942261613092e-02 -1.395799415860125847e-01 4.270685635849633122e-03 9.062422621686416768e-02 -4.114013080563710956e-02 -8.897063990651744424e-04 -1.584394747342424831e-02 3.255415717878472337e-02 1.983837526363954051e-01
7.974551748306334120e-02 8.334106682809266919e-02 -4.377561591023120674e-02 -1.587650969886975072e-01 1.767754665497305311e-01 -2.656859145472281747e-02 -1.148969554312564978e-01 -2.599670852054847964e-02 -3.358767438461358890e-02 8.992978783655165842e-02
1.352590539457085572e-01 -1.869396707707890112e-02 6.720308092222530838e-02 -1.973299226086634717e-01 -7.133561514157781003e-02 -1.312378199426818270e-01 1.712699383227025279e-02 3.422249446928773281e-02 1.873014213187507715e-01 -1.588994872253446933e-01
1.831071100232386506e-01 -7.013498809645361820e-02 -6.713094873113767402e-02 1.422919411077483709e-01 -1.037585847087330732e-01 -1.696830315904994391e-01 1.591817701433856924e-01 -1.236374769454055278e-01 5.659464953791318309e-02 2.033024305836566431e-02
-1.027002084974570351e-01 -1.184183568274888992e-01 -2.715087169230218957e-03 1.826501302017863593e-01 -1.060017707344557136e-01 6.701295701821177730e-02 1.712166841014227947e-01 1.643423884962464943e-01 -1.159875697656853333e-01 -5.677316322040599356e-02
1.787371298878518422e-01 1.955263956495872230e-02 -1.753424451708840703e-01 3.410472235541867070e-02 1.038122067668652282e-01 -9.913545103079983434e-02 -5.057430874958300515e-02 9.734645391334879883e-02 -1.354796246632833934e-01 1.343967548175743765e-01
1.106384943910078411e-01 1.613550330646657260e-01 1.558801316612556942e-01 -1.985545332875574831e-01 -7.626529698665655832e-02 1.553380400061099564e-01 1.774650303460683920e-01 1.295802900578402195e-01 -3.395782324260020191e-02 1.897502806234569461e-01
-1.298408015388329562e-01 -6.377693579845229721e-02 -1.851361869188835885e-01 7.099667324188568829e-02 1.593788137583751485e-01 -8.448696213392666021e-02 -8.109869314235755577e-02 -7.424267183414121063e-02 -8.180372591443209329e-02 1.632172446878579763e-01
6.700853290641196891e-02 -1.539840271692791140e-01 6.571111296589930706e-02 1.426706317758923981e-01 3.783788754005902588e-02 -5.806527115331462652e-02 -3.505290291467388214e-02 -1.502771180266622431e-01 5.276842740999388576e-02 -6.350483642161632025e-02
-1.524591734043300728e-01 1.964672745768829554e-01 -7.467069085526072125e-02 -1.856439414220435180e-01 1.066733761690840526e-02 4.489392054078363697e-02 -1.751130931279425151e-01 -2.942950150952918648e-02 -1.280969276078973984e-01 2.294386090147130033e-02
3.985675115703336130e-02 -1.031694742773038992e-01 -1.979307706102685638e-01 1.099129177596694096e-01 2.455505139757021074e-02 -1.792330218037500311e-01 -1.474123064300778552e-01 1.939337977460867113e-01 -1.230464736078953764e-01 -7.093832742489004917e-02
-1.173774471492394500e-01 -1.599615577404858713e-01 1.225911437636108964e-01 7.611242291647324354e-02 1.742571242953636912e-01 -2.067818140982317227e-02 7.684337700281815287e-02 -1.561510126647212005e-01 -8.472144344785050019e-02 1.930466402193079661e-02
1.060191942187139191e-01 -9.467819409768643557e-02 1.861817666300940033e-01 -2.282200099004600205e-02 -2.260557684353270078e-02 -1.213320737357462403e-01 1.992206443690413276e-01 -1.980582453981197533e-01 -1.900608083666585346e-01 2.639768405830001177e-02
1.028005393613988516e-01 4.365958952926626835e-02 -8.543009495490991832e-04 -8.670719404059452906e-02 1.160072015912439886e-01 2.971354420176317013e-02 1.395718479011706370e-01 5.716662711258661302e-03 8.459121417831833023e-02 -5.602285071719897980e-02
-9.449028583781174384e-02 4.659190824281248672e-02 -1.830629978509932254e-01 -1.930755272654441079e-01 1.781916092024882770e-01 -4.926050083341886737e-02 1.638259219361916375e-01 -1.523777409366606217e-01 1.493456628739645853e-01 -9.272162653942988761e-03
3.890731153720326796e-02 -5.552731260271191738e-03 1.720622440488363825e-01 2.539512292001714841e-02 -1.795748268729016051e-01 1.705965737643501678e-01 2.029311162225384477e-02 1.802147155164700310e-02 3.624841568029784494e-02 -3.574864574080650892e-02
-3.650264012892193155e-02 1.319738129586393027e-01 3.796062802135274222e-02 -1.908520662600451945e-01 -3.011556117941394800e-02 6.415684437082758151e-02 -5.502170673953930141e-02 3.260871350655323436e-02 1.731894988342527475e-01 2.415436971800893895e-02
9.513148845409055698e-02 -1.764254598920711459e-01 1.923150856072797787e-01 1.943128514014815234e-01 -1.893602713433776008e-01 -1.008722631245718981e-01 9.525611197282451981e-02 9.100471446472183090e-02 -1.791066558472592107e-01 6.327966910288082558e-02
1.047944600240733187e-01 -4.690921561216312985e-02 7.727866676835819237e-02 -1.998541289762690576e-01 1.098132734065414701e-01 1.356334774225022022e-01 2.059393747313281731e-02 4.584156945868751200e-03 -1.742769085217587555e-01 -3.012004301636409670e-02
1.511021163430684988e-01 -2.853519127421417709e-02 -3.791378064306412388e-02 -1.520338992217956930e-01 1.816348432081575093e-01 3.466419074410196505e-02 -3.239844055130224054e-02 7.443169198760275773e-02 5.969387941356413436e-03 1.269071323259269267e-02
7.824071536403397198e-02 1.535190365751437913e-01 -2.782622765256190581e-02 -1.262605972682631916e-01 -1.778280101059533103e-01 -1.681087852458940657e-01 1.105036289530651750e-01 1.586633674505708580e-01 -7.401708913152925786e-05 -2.243369106250968012e-02
2.299647739033404935e-03 -1.506550919509811737e-01 -8.914686334972228565e-03 -1.075754253450151854e-01 3.723848350247922767e-02 1.722523699765007577e-01 -1.280534519759108161e-02 -1.411430993560479907e-01 8.060141063908539405e-02 1.821109645447168898e-02
-9.752968164451200628e-02 -2.002689553542384981e-01 1.105896195775708940e-01 6.431573030392311041e-02 -1.894870233096205281e-01 -1.130964575365295960e-01 -1.990316975408759070e-01 -1.914109396940829044e-01 1.815038248795046716e-01 4.920606085377757927e-02
1.985436606679350235e-01 -5.589912097983548017e-02 1.720487598119358752e-01 -7.597917953557660475e-02 -1.624515493698276969e-01 6.675544437030513090e-02 -1.252538653804528002e-01 1.497587387138720784e-02 9.044728961643704046e-02 -7.538573819981908564e-02
1.360622610445419989e-01 3.664476903538195496e-02 -9.582706719063550926e-02 -1.188254890002512776e-01 1.241772317849375723e-01 1.253304434272048407e-01 -3.359913061590567157e-02 -1.166496846345121824e-01 -2.461361609460070016e-02 1.971549888234232772e-01
-7.747521688404861162e-02 -3.085407165553025188e-02 -1.224520270968989105e-01 -1.180985876855617095e-01 -1.037235476343567331e-01 -1.798568191209313494e-01 -8.621660793019164659e-02 1.873340804148690419e-01 -8.072219372565993256e-02 -1.245568009919137548e-01
4.922972677651994006e-02 8.776423436255764710e-02 1.730272032750286848e-01 -8.516334585974744131e-02 -3.572710113924285058e-02 9.365679806013577080e-03 -1.613106555631379502e-01 3.988607317486207726e-02 -1.429640749196253446e-01 -1.190030020231297309e-01
-1.584984097346507359e-01 1.358596782786476373e-02 5.394655487873185190e-02 1.944534721998786297e-01 -6.801338147461194472e-02 7.158350616027980839e-02 1.060710619734256399e-01 -1.342923773023789805e-02 -1.253816424342623359e-01 6.675640627111584235e-02
1.768607671626964140e-01 -3.612596860925265663e-02 -2.758771299701626850e-02 1.050935306050697349e-01 6.446363470276449126e-02 -3.607471489888498806e-02 -1.318393248062567635e-01 1.198447748776928362e-02 -5.923203595810364736e-02 1.626148344359491515e-01
1.636554144909505015e-01 -2.354101592193857950e-02 -6.643194375919332650e-02 1.151991272989127124e-01 1.551291281657615484e-01 -1.839559303073692031e-01 -6.305942575708621545e-02 1.527156262454571201e-01 1.251382016807122965e-01 5.515230905592283933e-02
-3.473708685490184411e-02 9.436756635421150730e-02 1.186137551430345716e-01 -4.199646568016663500e-02 8.488740174360691337e-02 -6.626210631234967507e-02 5.909207109258421409e-03 -7.990289701342707940e-02 -5.589322213790588745e-02 1.043545922340733539e-01
1.103218060781389551e-02 -9.585292277825743779e-03 5.289307515859605069e-02 1.502079226133150869e-01 3.838050074468695588e-02 6.341685290561321908e-02 -7.865020253596353983e-02 1.168532969056908233e-01 1.769749808730092522e-01 -1.606655288193000464e-01
1.517408645083202778e-01 -1.931364287553380688e-01 -8.584917640633035404e-03 -1.803512085266998077e-01 1.468836804263648765e-01 1.249494125880789563e-01 -4.777408448824536913e-02 -1.491327662715183633e-01 3.502297986317100265e-02 1.500102639586213260e-01
-1.029629019161176495e-01 -1.543293157090692702e-01 -5.239011029508186708e-03 9.055193072937907373e-02 -1.789046291399118971e-01 -8.498147731550678707e-02 -2.077451835863017640e-02 -2.436277992423676805e-02 2.600547302172689576e-02 -6.061628924150028186e-02
1.593163557781551720e-01 2.156789025042160982e-02 4.987695539409063572e-02 1.557510492270689495e-01 5.288223178827832632e-02 8.805161959266244454e-02 -1.049246747040963462e-01 -8.002227337354034242e-02 -1.074967526851073052e-01 1.081751050414692522e-01
-4.568656845573788178e-02 -1.800741721505366710e-02 -1.378489727074366789e-01 -1.614445049317417835e-01 -1.016863317491882440e-01 1.951132073610997997e-01 -1.588031995012642306e-01 -1.923063130067999005e-01 -1.110830863475402996e-01 -1.100366878631544310e-01
1.298226749629588783e-01 -1.117272851558134550e-01 4.833023574972193648e-02 -7.211487962356959158e-02 -8.081421406033095778e-02 -1.295428986540310135e-01 -5.474375792394538254e-02 1.979854937622046729e-01 1.589167651971618855e-01 -7.623916826250148882e-02
1.457917821108991874e-01 -1.204326939528304469e-01 7.277827561685833169e-02 -1.091020303503780348e-01 8.432852393779649569e-02 9.606284838452508468e-02 1.468738616646649009e-01 -5.030660254799530773e-02 -2.440752673725787511e-02 -1.217086461698714123e-01
-3.614263122561715835e-02 6.847283678100672677e-02 -5.181098166059849852e-02 1.653170096346248119e-01 9.803261318089968868e-02 -3.520452613334548037e-02 -3.881311227045312201e-02 1.240781256859870424e-01 -1.606199930573045942e-01 -5.609044190277095998e-02
-1.347831406561902923e-01 3.351380276616922754e-02 1.978183416923320059e-01 3.325709419443490661e-02 -1.296234433212199895e-02 -7.233125258604730656e-02 -1.925553906533353232e-01 -1.503261201350927223e-01 7.831910815159903727e-02 1.182579213196816026e-01
1.187320883182118175e-01 -6.609366382212784885e-02 8.611232659647145848e-03 5.837338126202159388e-02 -1.161658084176849653e-01 8.680853629143221728e-02 1.856450110155631883e-01 8.585864051117561568e-02 1.509268251520863025e-01 -8.333274056519070563e-03
-1.643245417591706614e-01 -8.895538818552932436e-02 -1.958850266604666157e-01 -9.789348828942534553e-02 -7.097595542110990419e-02 -3.692483886862976683e-02 -5.989077320226338791e-02 -9.838795636709408987e-02 1.307504576877631212e-02 -7.202969487827903805e-02
1.141873147693230409e-02 1.317842486033576621e-01 1.000243718524209263e-01 -1.396583717155561455e-01 -1.910996234434122754e-01 4.608750289420474044e-02 1.190253022860961879e-01 1.130401737974612714e-01 8.966854510289985758e-02 -4.779832674325060898e-02
-1.732553250666451494e-01 -1.269785466830251064e-01 2.453707020903175828e-02 3.767381827412825263e-02 -1.881908594862736483e-01 -1.825866479233601847e-01 -9.123932681976164305e-02 6.626852566006592726e-02 -3.019796334019698644e-02 1.912377514733077655e-01
-1.562313099968673791e-01 -1.571240292105541558e-01 -1.378836705949726127e-01 1.861315407812253742e-01 -9.115307866755491262e-02 -5.935722640633875336e-02 -1.348749430679222205e-01 5.511455238887492253e-02 -1.648577831574759567e-01 -9.258827703831569444e-02
