-1.353101195263319567e-01 -9.127002231019702705e-02 7.347318038655936689e-02 1.068022147416403632e-02 4.203442454449902999e-02 -8.035232569033420869e-02 -5.182081169125443698e-02 9.957851694306571466e-02 -1.664353432468414773e-01 4.290736057509726004e-02
5.821084685926022212e-02 8.959163251333575329e-02 -7.953574105339904221e-02 -6.193960703502430359e-02 1.018229515907823346e-01 -1.212740341721874338e-01 -1.551928117497723136e-01 9.788639800703444541e-03 3.674938584251051521e-02 1.935645356282977292e-01
-4.990590568036861081e-03 -7.001743410575606008e-02 7.073171849709619652e-02 3.293781380075684606e-02 4.348429723802173241e-02 1.076312547943796966e-01 -8.033628351487646924e-02 8.976684815293275999e-02 -2.201821926026704956e-02 9.090172740680338426e-02
-1.465570590854281818e-01 -1.898479265326971921e-01 -6.357819712312394456e-02 -4.423251049271212376e-02 -7.725261705230820897e-02 1.662601554909199641e-01 4.633163975171968041e-02 -7.884459598118012669e-02 -7.822662192462823648e-04 1.009510619120085329e-01
-8.412039490108528042e-03 -1.925604974274927605e-01 6.737024399397970043e-02 6.068800753088249983e-02 1.540896049708823656e-01 -1.560443011073585629e-01 1.151661120309754455e-01 -4.949945722318838115e-02 -1.217779079078342985e-01 -4.884651418143658164e-02
-1.841411205893952185e-01 -1.099966468679368890e-02 -9.265796997855831052e-02 1.270379118348004266e-01 1.909361389546872789e-01 -1.140936459383980195e-01 -1.060071418288671824e-01 -2.159745653644656524e-02 8.683908646432542122e-02 8.263533573869705218e-02
2.958894826155148913e-02 -9.371980932660700647e-02 -6.149725750885238346e-02 -1.646731152711941870e-01 -1.405349041772975816e-01 1.777213776056295047e-01 -1.555423432412364193e-01 4.918437612895158045e-02 -1.858801469371727522e-01 -5.174931121362099512e-02
1.311735317494049646e-01 -5.915475686625665946e-02 -1.928756213362337324e-01 5.458109685514601905e-02 -2.801241202519927365e-02 3.232619497860344387e-02 -1.940374136080968981e-01 -1.333254848815490778e-01 6.706052564871896327e-02 1.342605654861888653e-01
-1.246998300164943868e-01 9.689336746090500274e-02 1.758599600093152526e-01 2.747388480936002741e-02 -1.154492378361873933e-01 -2.645653521614105969e-02 -8.759475737247683635e-02 1.402827694864021979e-01 -1.246405177630227484e-01 2.842815872738607350e-02
1.102350016682251688e-01 -6.457622848195779253e-02 -1.978289156597244081e-01 -7.828822044869269969e-02 1.023355061046562070e-01 3.685684220457081939e-02 1.161363667915985692e-02 2.163801290758744084e-02 -1.244148977209936641e-01 -7.265737428339191784e-02
-4.385270028159812122e-02 -1.093058013924959743e-01 9.424044757831909550e-03 8.075305275501711011e-02 1.090326142214196187e-01 1.693967869308198038e-01 1.614871463243851835e-01 8.797805286951342063e-02 -5.120041252977027002e-02 1.746001877420534087e-01
7.809900994466990876e-02 -6.979272101728153932e-02 -1.322007250626720809e-01 -1.158686845922135417e-01 2.001593073656445648e-02 -9.530495681921428985e-02 1.279268944936840999e-02 -4.341388803065777957e-02 -9.296720691533860714e-02 -3.385542939228795151e-02
1.760597230090663393e-02 -1.072696721102040646e-01 -5.440423912757934993e-02 -1.612209985914095922e-01 -1.656633217114524825e-01 -5.370608475455116576e-02 2.363781258927485918e-02 -1.670779566450064646e-01 -1.528683403608807057e-01 -7.031468349692616970e-02
8.047007748334752963e-02 -4.186051502065906565e-02 -5.716705603788902433e-03 1.461764986971834379e-01 -1.941745864178989756e-01 -1.807866007343847392e-01 3.496293477812276868e-02 1.020192155903278247e-01 8.300270154228138464e-02 1.231010979768863874e-02
2.904945045339740045e-02 5.870591643783434205e-02 1.192921558660809400e-01 1.820449151830966505e-01 1.663935256824453646e-01 1.941584601513679786e-01 -5.638764271062876587e-02 2.821620651779681993e-02 1.233033066699426757e-02 -1.151351504623133104e-03
-4.163653626478253187e-05 9.567451102297466758e-02 3.721657137770807006e-02 9.595222985736871768e-02 1.395484422193029282e-02 -2.002385713895512842e-01 4.978636925264526975e-02 -7.546021619534021285e-02 6.833540308968399923e-02 -1.532318127959918404e-02
1.575327404544193954e-01 -8.296156141585624144e-02 9.132868213239301420e-05 -3.100567091327243591e-02 9.920104030368427292e-03 -7.876178505804554142e-02 2.860510504666084058e-02 6.132774962425990156e-02 1.910763070180716006e-01 1.695680409690226154e-01
1.006046494581594036e-01 -1.125568374403574864e-02 1.841771910083797315e-01 6.707665109705500395e-02 1.804974936112186401e-01 -1.318877056881278820e-01 1.708604160966461227e-01 1.576300040151236148e-01 -8.785650896956125055e-02 -1.577103029588304561e-01
3.627254460782425305e-02 -6.669712320611538570e-02 -8.453589589440566043e-02 1.499589783058388193e-01 1.771909559473958395e-01 3.031699371747749103e-02 -4.145252949594262909e-02 -1.588932582801341198e-01 6.303448278404728822e-02 -9.778695191663057396e-02
-8.419805265261327831e-02 -1.574108074478904606e-01 -7.956997698450263279e-02 1.972107534775794369e-01 -1.533981492039460659e-01 -7.597179578061867555e-02 4.409794903638918073e-02 -1.031031453720055932e-02 1.349229889281072514e-01 1.590472433000238162e-01
-1.689410788246110684e-01 5.163245447411986266e-02 4.215336408430429838e-02 1.335037721002023114e-01 6.062195339250450038e-02 -1.468006913670930336e-01 1.242668710488398047e-02 7.681641291642263281e-02 -1.955665517388981145e-02 -1.762948638800286849e-01
-1.716809369416085265e-02 -1.686857524511664597e-01 -1.336316408634760644e-01 -2.603606733351027797e-02 1.982381085050214653e-01 1.659387932626709972e-01 -5.563212360174167592e-02 -3.625329197450912616e-02 7.491835434858741538e-02 2.991641843417684743e-02
1.980544742925313961e-01 1.791092359748622520e-01 1.005079802527009403e-01 1.701738218165746719e-01 2.070468437395258168e-02 -3.306931070580477333e-02 7.719258277203228102e-02 -1.039294608921492585e-01 1.847162116000049814e-01 1.436748956380196618e-01
1.589185504821381866e-03 -1.887483806250806750e-01 2.803551108898718475e-02 -5.204243765282802470e-02 -4.029068639498027682e-02 -6.730724557795389473e-02 -1.359969939634089187e-01 -3.491789503230805034e-03 -8.995093001622835038e-02 1.920965314938084811e-02
-4.236094318851221785e-02 -7.331727327669962033e-03 -1.726180949295598177e-01 -1.105777485474931238e-02 -2.989569115515820514e-03 8.072886962481115461e-04 -1.547033335010335742e-01 1.101772467576877246e-01 1.431932458653733808e-01 -9.948632391600893687e-02
1.656678699057705650e-01 -1.403506502918615804e-02 -4.431005555756107467e-02 4.163107153398499377e-02 -1.891423717034581009e-01 -5.546290019558385714e-02 1.324060298171183259e-01 3.320213820084644274e-02 -1.252326604414095435e-01 -3.462993488906764700e-02
6.715031155047372635e-02 -5.009827415148376296e-03 -1.497524008679368586e-02 1.442138829372369146e-01 4.759760329058475986e-02 1.324242148206684899e-01 1.685405884953895816e-01 -9.764988345677476367e-02 1.117056668243401329e-01 -4.619501029777205864e-02
1.304603775502093943e-01 1.191583668321765689e-02 -1.576876914814947517e-01 1.765400073206673803e-01 -1.792868842641265892e-01 -1.561474449534526743e-01 1.118039180848353908e-01 -1.532747378040307806e-01 -1.068201791067564799e-01 -1.062505994004350890e-01
-1.151469087389259960e-01 9.924576408962902663e-02 -2.317178251635706315e-02 1.734057666633064820e-01 -1.549855370928026332e-01 1.249999954247961592e-01 -1.768929341247661158e-01 1.586258957894423616e-01 -7.293695240149211667e-02 -1.109965279171344771e-01
-7.596656713325669608e-02 1.816681204594915167e-01 1.146071748746364943e-01 1.049455786738366370e-01 7.490647147768083811e-03 -6.993727939519807368e-02 7.052987031248796057e-02 1.720480867316661056e-01 1.955157822523559963e-01 -7.037221955899000334e-03
4.183289748015164844e-02 1.073801130973519452e-01 -2.007530098857018136e-02 -1.677944060195327436e-01 -1.347968044126368059e-01 -1.920692993261163828e-01 -1.421585837400137220e-01 -1.612751794787944948e-02 -1.882600468213317113e-01 -1.482385020554459476e-01
8.139926875875641565e-02 4.914596241896444090e-02 1.715610389446166062e-01 5.105161605040395290e-02 -1.843216608911242005e-01 6.766440238129305118e-02 -1.011011679383600065e-01 1.438533604858597825e-01 -1.189428533608379371e-02 1.720181701371354399e-01
-1.972625934378560708e-01 -3.477465855782879006e-02 6.685244483149552219e-02 3.752883417630901997e-02 1.158603852200501411e-01 1.878660222371711652e-01 1.201844620272589231e-01 -3.386858023588429790e-03 -7.677489718821889353e-02 -1.032166954179394025e-01
-1.616058120391352104e-01 -1.130959472410057454e-01 6.268950329849082292e-02 -9.518571724527814804e-02 1.371359921015475603e-01 -1.279223382427652489e-01 -9.680112466937333682e-02 1.298862607289016924e-01 -2.583593457369737917e-02 -1.656843032914131486e-01
1.392246607485184140e-01 -3.692364345839694445e-02 1.555808436242924475e-01 -1.713396746920088087e-01 1.562633328071447725e-01 4.583265153412102028e-02 -2.772631843492879070e-02 4.743662135814398495e-02 9.256868195876470640e-02 -1.181921210854066928e-01
-1.726253960266340981e-01 1.784763824858504322e-01 -1.924848983940895264e-01 -9.333191315399048255e-03 1.334229941113218854e-01 1.582928154021515654e-01 -5.127259451907810461e-02 -1.139252522593110356e-01 1.776014398104455994e-01 -6.791393631727987712e-02
1.468792202524651647e-01 6.786713358865770207e-02 1.242000167076161010e-01 -3.912327839172922983e-02 -6.197993786705076683e-03 1.291171481919844988e-01 -1.081420665103097201e-01 -6.420508339665083331e-02 -1.280751256110772007e-01 1.131539029780246342e-01
3.487529920859634008e-02 1.949481756763998541e-01 1.532896531822253994e-01 6.724320044934962992e-02 -1.393023797374620398e-01 6.951088306505889824e-02 1.089385691958849184e-01 -1.453319203942640692e-01 -1.473178493164016556e-01 -3.436355466995088398e-02
-1.350759813537255882e-01 -1.051390147162089561e-01 -1.642143218799301252e-01 -1.163912791891599102e-01 3.036973105059300598e-02 4.843378718821040457e-02 -1.859685734634361487e-01 3.952908533148596915e-02 1.543722764451267437e-01 -1.278473990359070556e-01
1.764361377396808650e-01 1.131552972512694238e-01 -1.211743334799562505e-01 1.861163436729662557e-01 5.089558499674919773e-02 -1.655305876185888259e-01 1.797792025309558339e-01 -1.184478341230041226e-01 -6.866693756458742970e-02 -3.672416113171231289e-02
2.634665096984149107e-02 -9.088135433996538670e-02 -8.031881742230244370e-02 1.705987569061523379e-01 8.429860077237787130e-02 -1.326773933361362345e-01 -1.787803666342304421e-01 -5.824923275254056954e-02 1.856418912582994130e-01 -1.595260385822692140e-01
5.699977120419637278e-02 1.195247835178606388e-01 1.067963412252205396e-01 7.706076680695493619e-02 -1.082044800231178605e-01 -1.129299821285736222e-01 1.562218974834604091e-01 1.059125562482685599e-02 7.913453600541861532e-02 -1.630479006801015263e-02
-1.793608686554746257e-01 -1.705386302966012124e-01 1.750528909054913651e-01 1.606073672549488962e-01 -1.781520925692828272e-01 -4.932957537573176565e-02 1.045334597159980616e-01 -1.990519934097444432e-01 7.108675418951035385e-02 -4.565286890933877885e-03
7.217010943528687217e-02 -7.869925515208693600e-02 5.422440625711259093e-02 1.375266586840855065e-01 3.746311244243778760e-02 9.946103860581863298e-02 -1.587561461976160493e-01 1.522695653371592961e-01 -3.406410226797361180e-03 -1.558548821021362163e-01
7.318376797547862522e-02 -1.491356316539834415e-01 -1.428195762044457973e-01 -1.854627464304830498e-01 1.173246759126914812e-01 7.670965170394861143e-02 1.263202856461805024e-01 -9.101987904072639246e-02 1.922487645584097793e-01 1.395206029924885294e-01
-1.135833997908603371e-01 -1.093043905412475203e-01 -1.964991249421488839e-01 -1.957267382840554779e-02 -1.029629375688874277e-01 -1.036806283348615382e-01 -3.507056727004349839e-02 4.603012637471169677e-02 -9.580533921781859974e-02 -7.995928515813989501e-02
1.617827777861326199e-01 -8.809380038191524931e-02 -1.233577927179290018e-01 -5.817283528582044977e-02 5.151023417149369621e-02 -2.006359692606352052e-01 2.743363715879401296e-02 -1.117221340604265811e-01 -5.890978762007937491e-02 -1.732326599719109794e-01
-1.488641923180861193e-01 -7.923468722650105212e-02 1.503687250446086032e-01 4.888931073226231161e-02 -1.793517797772755662e-01 3.669184853681414782e-02 2.249471398520074689e-02 -1.275687069502924875e-01 4.163692258416808872e-02 1.956685150666689910e-01
4.706570607599643540e-03 -1.101406606959487167e-01 6.042481686516323891e-02 -6.926211616984637165e-02 -7.472336160495161861e-02 6.833590124697143386e-02 1.585502243118084020e-01 1.708249296640187154e-01 1.953077815291571206e-01 -8.988991278999734769e-02
-5.099107642783386185e-02 -9.146645221449804797e-02 1.189576730179731368e-01 2.060492240128547828e-03 1.653201014579064321e-02 -1.324158382128294009e-01 -1.286898070349748457e-01 3.454071105402583414e-02 -1.635891777677339898e-01 8.671724001952814398e-02
-1.749018104825262043e-01 -1.371535236878314301e-02 6.629495193221607297e-02 -1.377319263119224646e-01 -9.252027365037414353e-02 -9.942334102248451266e-02 -1.615890733060513715e-02 -1.503622169528778807e-01 -1.686591423927149003e-01 -1.425666612260341470e-01
1.824136916980551720e-02 -2.253240092994284946e-02 -1.935052592478621047e-01 1.790405348868132074e-02 -1.740574727178338665e-01 1.353939209553157719e-01 -1.683304002682609601e-01 -4.407702383280268782e-02 -3.855111180624751915e-02 2.293600090613549108e-02
-3.211982347198401918e-03 -1.291520845255538230e-01 -1.378057490902503401e-01 -3.678876222381366121e-03 8.836591593771071784e-02 -7.490189036557148849e-02 -1.470873023242405819e-01 1.441558002843881803e-01 -1.188486886122799846e-01 1.988456043673693108e-01
1.444100590904063286e-01 -5.879034580031336499e-02 -1.434100734151408929e-01 4.129643435947472074e-02 -1.416644173866572487e-01 6.941859684432430400e-02 -2.916634917518740738e-02 -3.190630495162971592e-02 -1.060948139085395314e-01 7.169795512335658261e-02
-2.167044108237037650e-02 -1.584771321029194158e-01 1.094918993179090222e-01 1.090112286797845775e-01 1.617632149946866826e-01 -7.850905605512004115e-02 -3.161557756394747787e-02 -1.357547787048801920e-02 -1.566668099545446835e-01 -2.572448475174840543e-02
1.518134739090765684e-01 1.737119118967311027e-01 1.532438300792742791e-01 -1.827403092253454264e-01 -5.668342718449935480e-02 -7.745988364476454058e-02 1.929103709889158635e-01 4.502075642530983107e-02 -1.251972808495497580e-01 5.014749885233663051e-02
-1.194019008224590506e-01 -4.077814149262620064e-02 -1.804016621016194533e-01 6.591194070462499943e-02 -5.749131734381161124e-02 -1.273390065767809054e-01 -8.768033847879737330e-02 3.921548099768714518e-02 1.966590576949567987e-02 -1.420203847461627422e-01
1.477805573938224259e-01 1.084735850494400744e-01 -6.673393082996511259e-03 1.986121751988240980e-01 1.768522513127998921e-02 8.201275121339950125e-02 2.950580592549294917e-02 9.994690403051575966e-02 8.073610549902701661e-02 1.844365107456209518e-01
3.085437557904833344e-02 1.277882762380596338e-01 3.611773288832589163e-02 -8.369455518369277314e-02 1.405095392109283192e-01 2.386085787169403560e-02 -1.125970979533997968e-01 1.346798909160392965e-01 7.443447962137531015e-02 1.603201111684021685e-01
1.623653136936702990e-01 -7.715087151715105396e-02 -1.219208688514719363e-01 -5.672562200714723751e-02 -1.603980372289835754e-01 -4.878608024297295676e-02 9.666862297721534950e-03 -1.568993721923692131e-01 8.690950074481430809e-02 -1.166646669749377314e-02
1.404028075838590073e-01 9.425395321350336919e-02 1.633693149089103860e-02 3.380093693512554315e-02 -1.861044883006362019e-02 7.661945610272836472e-03 -1.433058308647823867e-02 1.942651123526519669e-02 3.519754519535105413e-03 -1.022222051789478114e-01
8.688944233554400307e-03 -1.878061659108679060e-01 1.333315445837212065e-01 7.893132841420016921e-02 1.399068682395856467e-01 2.755451548659031743e-03 -1.369232868634904510e-01 1.039047425593154494e-01 -1.609371220783858414e-01 -1.767359258996549498e-01
7.744841656806084051e-02 2.513088508638265661e-02 -1.811373442100947528e-01 -1.283763985707724598e-01 -4.191234192345864862e-02 1.334970316143355151e-01 1.985390891575635960e-02 -1.351467614744738810e-01 -4.504883751834784424e-04 1.778826062109344353e-01
-1.303371808559123657e-01 6.833298584342548110e-02 2.560052893292780185e-02 -1.765095074957936661e-01 2.288422089152435460e-02 -2.231932335636168177e-02 7.362318750122097410e-02 2.000979536904820555e-02 -1.958789243922770262e-01 -1.959057351904094080e-01
-2.564081114634740588e-02 6.829721350754516807e-02 1.349648176560297175e-01 -1.347059980820607961e-01 -1.152856484267932857e-01 1.835573349528194648e-02 1.864181801048103160e-01 -1.125477985042110107e-01 -1.900925305516004971e-01 -1.016729106594576187e-01
1.661778425144559701e-01 -5.182194736706228350e-02 -2.870467929649763664e-03 -1.689385994343444719e-01 3.459165893072530668e-02 -2.721932977941466866e-02 1.533622041883208609e-01 2.477595822259669178e-03 -6.615374765938504542e-02 -7.484946983770496276e-02
-6.483201461531051812e-02 1.817458829045170499e-03 -8.307674861857318460e-02 -1.155717399345059238e-01 -4.818447327161431287e-02 1.019861278616853995e-01 1.570707747090004380e-01 1.934067332430920994e-01 8.841010412685093578e-02 -9.825220411185607572e-02
1.259603518171339698e-01 8.267110246846388899e-02 1.361951342623818062e-01 1.195268881739366962e-01 -1.004431612779749239e-01 -1.295931390010738871e-01 1.904862691615118175e-01 1.879571611253780250e-01 3.397114372835130514e-02 -1.666931442493597149e-01
8.117459934500104168e-02 8.250309002337261055e-02 1.003818388478883855e-01 5.176091721414929903e-02 7.956089844980587800e-02 2.114526169270806305e-02 3.055631606783691667e-02 -1.332284740879979001e-01 4.006250538903438629e-02 -5.299280095439758143e-02
-5.304676664611490677e-02 -5.290621279985976283e-02 -1.516715547823900834e-01 1.792077692916391463e-01 -1.585644174324207512e-01 -9.210028814994322688e-02 -5.151110802015110984e-02 1.082574271019866585e-01 2.374916282433617298e-02 -1.798601458841507794e-01
-1.811993834319160779e-01 -1.527294474512561062e-01 2.557348255249867336e-02 2.701458353182336833e-02 6.054792019797483604e-02 -1.418032552083227926e-01 2.009623937042744057e-02 7.272900934976353482e-02 1.109844591376206308e-01 8.524148002611012243e-02
1.868377795627623739e-01 -1.042297658415889186e-02 1.229896893456635248e-01 4.941324081255862172e-02 1.394602110926249083e-01 9.498380872126747920e-02 -1.798119112341037273e-01 1.499957800047615475e-01 6.675005963663678543e-02 -7.374976548740128091e-02
-6.790463684330069229e-03 -1.842106524116501609e-01 5.970260684584070832e-02 6.384556664088006372e-02 -2.755674395078779731e-02 -3.147906018215509971e-02 -1.352630524672211731e-01 -3.869699704409989421e-02 2.155559329416417355e-03 6.348710810653403203e-02
-1.285301406572768590e-01 1.801557540258929280e-01 -1.069117744582644275e-01 -1.426788345724735452e-01 1.747869668113499475e-01 -1.951357324979928753e-01 1.274546207903939354e-01 -1.691850442077774408e-01 8.776910845805915851e-02 -9.176648523634470256e-02
1.047762132026762993e-01 -8.679032568799020797e-02 -9.526648424492095701e-02 -5.629724694630259402e-02 1.140705434929421419e-01 -9.656002662274029702e-02 -1.910105242985390417e-01 7.045714966842643590e-02 -8.787594693149772263e-02 -2.411623922960402441e-02
7.059910876793246137e-02 4.577543148863922468e-02 -4.771551272237466168e-02 -1.161827078742792840e-01 7.872450273760377149e-02 -1.968080475496974402e-01 -9.650720516711319696e-02 -9.503773614685671889e-02 1.383637338862733490e-01 -5.405317182089588307e-02
-9.755965682769041081e-02 1.001681762831547057e-01 -2.448602918635892772e-02 1.621010578770697369e-03 1.160019000430675407e-01 1.766247890123544273e-01 -2.442240452187020502e-03 -1.229006461117583895e-02 9.459077268790440363e-02 -5.668599961724048869e-02
-2.331690018181688251e-02 -1.908566741323609872e-02 3.305517987753109344e-02 2.377372363555870297e-02 -7.448435004588595254e-02 -6.715486145863634737e-02 -1.532384287657831967e-01 1.278484202205394382e-01 -1.978076858140754291e-01 4.796904126683630698e-02
2.049293702747519499e-02 4.670580628251564531e-02 -1.690008581481743100e-01 -1.414532379676250728e-01 1.075115119059535662e-01 -1.358021968879668251e-01 1.268282416709882177e-01 -4.601190215463432653e-02 -1.653194703242569230e-01 1.903294532623807378e-01
1.710328955553839236e-01 4.013475768244621072e-02 3.947140548066962323e-02 1.291804785755306662e-01 -2.110481092490559905e-03 1.438267032164827208e-01 -1.763520951561094452e-01 1.716961488880206638e-02 1.750705212067139860e-02 -5.701423587923084429e-02
1.248131262655202134e-01 -2.159553367676821534e-03 -1.052999199526413465e-01 -2.158706253886696208e-02 -1.747290404939969288e-01 1.673535445893278573e-01 1.203566418778510422e-01 -1.892272792251296076e-01 1.683505709427268737e-01 1.152773908411743875e-01
5.432223509627481794e-02 -2.205154707205760414e-02 -4.242871878179134415e-02 2.730881783824148576e-02 6.374381833322530222e-02 1.085548632747320719e-01 -4.242956158912325471e-02 1.405780280230636559e-01 4.185834044293613304e-02 -1.208907786704104259e-01
-4.986737733323126642e-02 1.516871381259866924e-01 -1.752732545518295992e-01 4.980348189156185573e-02 -6.439277046638515467e-02 9.014635514095621638e-02 5.684551038058317796e-02 -1.057358563662576106e-01 1.149379927667767004e-01 1.962675520783713490e-01
1.181500911320229885e-01 1.203795256450650997e-01 9.317522932185172413e-02 8.925545979398083474e-02 -4.280961444380658454e-02 -1.985495722824637543e-01 -3.249971140717653612e-02 1.236136635228108349e-01 1.913395031223242559e-01 5.896670071973304089e-02
-1.168663619287204219e-01 -2.761097271815280210e-02 3.153443703769081424e-02 -1.603870374057539683e-01 -1.849689784147720562e-02 -2.621423009625669862e-02 -7.339126984743112037e-02 -8.426974050295707452e-02 -6.836272024962988803e-02 1.775078943128245712e-01
1.333342338750772849e-01 -9.956123818403476988e-02 8.773592088797620148e-02 -1.061576269007744877e-01 -1.402899843464758267e-01 -9.687510539210757166e-02 -6.302581833388500032e-02 8.570565184514736257e-02 -1.650169511118818322e-01 1.220616579631692705e-01
-1.748801069068872116e-01 -3.492106440849161025e-02 7.558612005849026094e-02 3.694551790360981434e-03 -8.812256579182638216e-02 7.106578238343991272e-02 -1.024040749879237128e-01 1.258681271764198750e-01 1.502924501782423317e-01 -1.623787552329389317e-02
-3.566485599791753558e-02 4.721457745427305036e-02 1.133565077933470083e-01 1.484197175068446561e-01 1.703219800418878660e-01 1.503305248544436479e-01 1.362908585686318022e-02 3.127217243307888611e-02 -1.845096660010483725e-01 -1.056752029382921343e-01
-7.203949067129285233e-02 -8.007115946309707744e-02 1.928324797658517720e-01 -1.147321050726280434e-01 -1.050365610818827927e-01 1.094692072593645843e-01 -1.401537833069907146e-01 5.437381460167433483e-02 -5.478030906950510232e-02 2.001622566567828609e-01
1.337767566515912221e-01 -9.103067061980311958e-02 -9.100544156295700682e-02 -9.781191697977821564e-02 1.940013036927727696e-01 -2.948893015115998037e-02 -1.543807220781859713e-03 7.842959925088048567e-02 -5.627042029098289211e-02 1.738203869721814399e-01
2.727763022473843335e-03 -2.677354635227132199e-02 6.222115419728623670e-02 -1.061887675226397959e-01 -1.802228631593884300e-01 1.466792216301812668e-01 -4.037419309590936645e-02 1.279874724186075008e-01 1.087509426400157936e-01 1.870198936107856924e-01
6.851066137347953944e-02 1.268005648349603831e-01 -1.202265586546516357e-01 6.402638644848296368e-02 7.965053159720408837e-02 -9.220353470305927158e-04 2.582753619286223996e-03 -1.169836288825429511e-02 9.498593980538915307e-03 5.369924018639909286e-02
-1.514500362840940084e-01 4.769038112390704826e-02 1.724448925705655833e-01 -1.348864904480324978e-01 6.977181765932875812e-02 -9.954203190340737972e-02 -1.924910769102977093e-01 -9.246844315202155939e-02 1.780468231478824215e-01 3.532869162117789359e-03
4.731532197831470055e-02 -1.570891812226824780e-01 1.975412690127064108e-01 1.006585447494230401e-01 1.477451540051045453e-01 -2.498907912231774012e-02 5.636425852874547837e-02 1.862244558645075876e-01 1.620328141804514566e-01 -2.666571200843083009e-03
1.525130839791425108e-01 -1.912154238320254440e-01 -1.655038024582010381e-01 1.459352716977341535e-01 7.985845372978774004e-02 -4.499711791239213027e-02 9.246480671779275240e-02 6.244551632032772220e-02 1.888263466147668823e-01 -2.056859064287551789e-02
1.696206316539551062e-01 -5.375033187430355158e-02 1.838329823520416795e-01 -9.403391883742968221e-03 -5.454138420456047104e-02 -1.592244882963146368e-01 2.453747469167831194e-02 -1.511610327436241075e-01 -5.493349350637439371e-02 -5.859253221322206079e-02
1.517714140033234460e-01 -1.666852768333048629e-01 6.061539334200572587e-02 -1.452499606858218550e-01 -1.944951845361352072e-01 -1.736654406203869405e-01 1.669218396070949184e-01 5.537514911785869354e-02 -4.135679887738625410e-02 -1.052166029330539182e-01
1.244915337182230242e-01 1.023274595605483256e-01 -3.863073641929248153e-02 -8.675707483695470346e-02 1.361192237787507975e-01 1.480744546864291300e-01 -2.952415674893673139e-02 6.032744742890092798e-02 -6.441818587749661984e-02 1.940637125335373525e-01
2.603051691142220167e-02 -7.977081267399817321e-02 4.654379022805984339e-02 1.572557079569787963e-01 -2.393161680095386157e-02 1.185933197329629013e-01 1.810337606749681527e-01 1.525313383432516379e-01 -2.004260136185768981e-01 1.984694162007111240e-02
-3.192143833255844249e-02 5.278086428622444370e-02 1.446098231154117064e-01 -1.234100593516626321e-01 1.929774524563200588e-01 1.839260097959129550e-02 8.198008932514176672e-02 -5.395856940778799571e-02 1.126512326364047245e-02 5.283329175733103567e-02
