1.883985141914947814e-01 -1.642610006558801738e-01 -1.228352466396608056e-01 1.886745931769749085e-01 2.862254758179967953e-02 5.752561566984849481e-03 3.475847946577952791e-02 -8.567915805353394643e-02 5.956700894879277119e-02 2.300782331542753148e-02
-1.054875068217203671e-01 1.709284263722564978e-01 1.788717614198561123e-01 -6.347258232425498359e-02 1.809709299067092103e-01 -4.447027470800315324e-02 8.580086415786297716e-02 8.364821193786875497e-02 1.113847240995507054e-01 2.615222018952148564e-02
3.730624931270689476e-02 3.060113505239580450e-02 -9.726573845229789794e-02 -8.394524403157958836e-02 -9.683897921666970166e-02 9.448980954752271566e-02 1.722322184808612877e-01 -2.180381750332703594e-02 1.553290175224110968e-02 3.606748788130654387e-02
-9.352416917481233549e-02 1.973728341161619104e-01 2.084359938839566717e-02 1.768266665672264537e-01 1.994005054122126863e-01 9.766135313553722663e-02 1.034456359609406545e-01 -5.993549243141452904e-02 5.759931068767422391e-02 1.848630368164519699e-01
6.632007324424545047e-02 7.022342866838161834e-02 1.199030319795260785e-01 -1.733521280315437896e-01 8.054940944007263348e-02 1.618264145263967613e-01 -9.907493603822786765e-02 1.772563488947045685e-01 7.055555906704905067e-02 -1.352077091191214719e-01
-4.729639965188627698e-02 -1.750784631184010842e-01 2.392840418320233212e-02 1.500202309949790758e-01 1.737657585033598392e-02 8.052073511913104831e-02 1.881665036079972764e-01 2.006071449405839313e-01 -7.511078353219151349e-02 -9.925109550897619204e-02
-7.780751987524494283e-03 1.936671158594432396e-01 1.468114799356346201e-01 6.601772003781034015e-02 9.612666247032093658e-02 -1.325193804812015985e-01 2.236641407544118915e-02 -1.025203889618461761e-01 -1.984398442394869344e-01 -4.096405066696572062e-02
-1.344444734818095732e-01 -1.775867433956102581e-01 9.710119893914004319e-02 -1.570924809181876713e-01 1.801579752286748271e-01 1.021355308271049700e-01 -1.119547442376020302e-01 -5.329369594407058763e-03 4.658882173973320079e-02 5.402726144320262047e-02
-1.610813480216899962e-01 1.671704168180961347e-01 1.364850789258207908e-01 1.427032533775244305e-01 4.215390830794915611e-02 6.735225648747725224e-02 1.120344641791953116e-01 -4.112641936590529651e-02 1.007195699845526010e-01 -1.128826312412235522e-01
7.300596120041365211e-02 1.524378039054858358e-01 -3.796047327805399801e-02 -4.105664564767517316e-02 -1.220651677705670568e-01 1.212709329076687992e-01 5.506327930704922602e-02 1.995115651337539542e-01 1.842838726557564089e-01 1.762937217636538212e-01
1.589467187635198453e-01 -3.119124084589576257e-03 -1.019574196203458100e-01 4.819043377394840316e-02 -9.091929184195648994e-02 -6.372601252566030550e-02 4.936774093337741032e-02 1.537598422480916660e-01 -3.763311318266032712e-02 -4.132610339994003540e-02
3.401258213542504311e-03 1.811042740437608482e-03 2.053979103539704462e-02 1.320868961487497439e-01 1.041126516494457754e-01 1.378462532191961909e-01 -1.408292450973883114e-01 7.819951935817869709e-03 1.026764070119581262e-01 -4.237678503864462237e-02
-6.980298466160500537e-02 -1.718376406900495312e-01 -9.367693253564403355e-02 1.702834785697990849e-01 4.998718437381611396e-02 1.648369130726455301e-01 -1.876465817254689972e-01 -7.095244045138117406e-02 -7.850389790598739925e-02 9.854408752136714633e-02
-1.405939831843309486e-02 -2.527372526666299760e-02 -8.852434319045324185e-03 1.034132989581784401e-01 -6.271415081045640660e-02 -3.788163153106223480e-02 -3.858957847393656992e-02 -1.152932657274503975e-01 -4.937383760028367374e-02 -1.252964918534580085e-01
-6.167361475171644070e-02 -1.888823815114448468e-01 -1.540057218459674748e-01 -9.565950107590774631e-02 -9.017462493570767290e-02 -1.811408000509455996e-01 -1.368982574950371178e-01 -1.438002861102183061e-01 -1.958457824966494121e-01 -1.321572630918900759e-01
-3.190312236182137745e-02 1.995643691050749402e-01 -1.100069760757837606e-01 -1.733510651497733313e-01 -1.987832572479403537e-01 1.402051743712263987e-01 -1.694702772018682677e-02 -1.673635218266036548e-02 -8.918701534591852442e-02 2.814576698170479646e-02
-8.493384979475446239e-02 -1.100977272788297434e-01 -2.393161457239798007e-02 -4.149103012413740688e-02 3.443556317078778212e-02 5.162682574191778360e-03 -1.555864934583580661e-01 1.524806265777475106e-02 -8.489364948888514228e-02 -9.971476881782405377e-02
-1.730991693620253236e-01 2.093451719209265399e-02 1.704526429816896338e-01 5.182775662622048779e-02 1.941734988258771721e-01 -1.730139936989221784e-03 7.261756295979558684e-02 -4.410055432147590160e-02 2.243885684750783482e-02 1.296447650394475792e-01
-1.702037949793690219e-01 6.143318141063138643e-02 -7.782401549067388680e-02 -9.654637217942170502e-02 -5.832588895985958005e-02 1.783821492185844182e-01 1.189094411613936079e-02 1.487602349918912270e-01 1.951373495839915095e-01 -1.082981993797763470e-01
-1.014562796403889189e-01 1.953521985560493779e-01 -7.073126063583333456e-02 7.326421706445340742e-02 1.078225384759047556e-01 9.147025159667504512e-02 1.099586493699128975e-01 -1.434049028003601400e-01 -3.132834900640761588e-02 1.125608649039345627e-01
-8.115064574149885579e-03 -1.556523679792887194e-01 1.729930224768557179e-01 -5.542256078627776084e-02 1.562450539654567372e-01 -1.167429112448850441e-02 -7.986290002292031898e-02 -1.148423951699353990e-01 3.774506930140886923e-02 8.849519380507681054e-02
-1.555966121407376390e-01 -2.045464183360036665e-03 2.191448369025141008e-02 1.541400666017233856e-01 -4.365749618830007395e-02 -8.115459148930215597e-03 -5.527369245634550926e-02 4.206322459480161396e-02 7.372029111646075106e-02 -2.766961557041900527e-02
-1.720561627116796721e-01 1.555731773497997239e-01 1.077637315439293753e-01 1.692680485978457494e-01 5.723467422554667783e-02 1.942874936372412653e-01 1.866975803675152701e-01 -2.048785209690489380e-03 9.091299917144456122e-02 2.232000505202069718e-02
3.149236202879068108e-02 1.983156329667251916e-01 -5.897541536264417489e-03 1.248243004304505632e-01 9.766251401174667890e-02 1.348741102692616045e-01 1.277284439837182151e-01 -2.463368846281429117e-02 4.572124720057981623e-02 -1.088126239843455745e-01
3.519163738429786220e-02 1.243233350489467981e-01 6.392504688128786139e-02 -8.503147983020813150e-02 -1.086509904834103979e-01 8.165870228332949843e-02 -1.106706451640423056e-01 -1.996391203895778732e-01 1.159846286520022085e-01 4.799404682307329556e-02
-6.599923806658457293e-02 1.948222373879199831e-01 1.184167465079080245e-01 5.700763015035494041e-02 -1.791558789132485785e-01 -1.142124393596217063e-01 1.236566399277495426e-01 -1.164580657141201930e-01 -5.374830983694713071e-02 -5.498368243352026730e-02
-1.305675590405684927e-01 -1.573676345764337958e-01 -8.609069276661930614e-02 7.177995795077843355e-02 6.944177424343344045e-04 1.492514544659385434e-01 1.896529577759505647e-01 -1.337918462286162014e-01 -3.177474524518891785e-02 -8.616154001010463415e-02
-8.726664743906850652e-02 1.294263564553293222e-01 1.619453462680478240e-01 -7.083389836489188685e-02 -1.234915112727439368e-01 1.163169311091738767e-01 -5.772100786065797323e-02 1.632818444407321476e-02 1.801103731532890107e-01 -8.323992528420434689e-02
1.622516458083632096e-01 -1.687376461468422517e-01 1.330195422388475712e-01 -6.743083677681403765e-02 5.794380330237358656e-02 1.343413577301504624e-01 6.283765090014224730e-02 1.587136831186950967e-02 1.212910881756972536e-01 1.114971712074033505e-01
-1.437909638295346570e-01 8.831070813152293308e-02 1.117289640002780277e-01 -1.270978954245642611e-01 1.701373792877633462e-01 1.702069548791090847e-01 1.625598730862524710e-01 1.214754563790661768e-01 1.823319847290592183e-02 1.772390210980870073e-01
-3.068489168205251055e-02 -1.906321571747299770e-01 -2.575543468028046803e-02 1.418498546997774556e-01 -7.324759166276589850e-02 1.032673499490756666e-02 -9.715245445606943142e-02 1.242982213066357033e-01 1.995960523455892477e-01 4.395417329706784171e-02
1.844153017750188028e-01 9.769148641728120364e-02 1.994999086832762725e-01 -1.762146412537320683e-01 4.631833494227955567e-02 -5.928240990784630626e-02 -1.756137028848352433e-01 -6.464601405533029754e-02 1.651350570081070723e-01 2.334996589011529861e-03
-9.790354107513771220e-02 4.034840978725990485e-02 1.097057886005497751e-01 -1.468844416177549073e-01 -6.723920560686286185e-02 2.415871456369653864e-02 1.905680231155429116e-01 -3.320715271495706944e-02 8.394796520047241584e-02 -7.494554008117264299e-02
-1.423319770668357229e-02 1.297091354899515547e-01 1.026950203224990671e-01 1.136429922050338492e-01 -8.711653901286982304e-02 8.716601961935523113e-02 -4.756482864505796188e-02 1.927140112663822957e-01 1.884574833207543765e-01 -2.503304499839253267e-02
1.814572747299318667e-01 -9.003193700160593005e-02 -1.127908881135789299e-01 -1.242597310047112262e-02 1.159181201249274845e-01 -1.538837491985889649e-01 -6.936924517500904497e-02 -2.211117062713569351e-02 -8.447788782312665168e-02 -1.604252628156067617e-01
-2.003660000576354960e-01 1.471475747165402748e-01 1.512989807951636567e-01 1.711457050334542207e-01 -4.175879881082525391e-02 6.750313864656162788e-02 2.238177291172597019e-02 -3.564563163555483499e-02 1.168971395255205548e-01 -1.451808763732629626e-01
1.085993423387597995e-01 1.464398534764080606e-01 -6.045327687510737569e-02 -8.472613697481796990e-02 1.041974015431012922e-04 -4.068207180919618249e-02 -1.926279675416141535e-01 -1.045217522988606679e-01 -1.826829170615093811e-01 1.708399627231811657e-01
-1.226307563628589309e-01 -9.055005830380720433e-02 -3.380984568605034657e-02 -1.999106205401848801e-01 1.548273645402262477e-01 -9.901682099064135212e-02 -5.202068642801626480e-02 -6.541711002022926325e-02 -4.182404097693616374e-02 1.498792890044929604e-01
1.126340594180494370e-02 1.702171014763266543e-01 -7.119559613799231190e-02 1.902537692290609886e-02 -1.881729608352769867e-01 -3.081697519999402474e-02 1.484203339130769628e-01 -1.427524359386434238e-01 4.150568794200690942e-02 1.981265391066074355e-01
1.218140241958773906e-01 1.172235049912126320e-01 -1.826883519358263666e-02 6.321910938463358443e-02 -1.440698962131738148e-01 1.334994245775830424e-01 1.409569188827414221e-01 -1.754274177251944136e-04 -9.001100119325348980e-02 -1.073369162833928275e-01
1.572606542485691650e-01 8.623392719874564682e-02 1.738333201950767737e-01 -1.635389835686100468e-01 -1.340554752350232304e-01 -5.668956470145541243e-02 -1.509586644454454507e-01 1.467413069265014747e-01 -4.182509954088693693e-02 -1.633224502243443843e-01
1.903892886648669014e-01 1.957168043559424364e-01 1.302405339744219515e-01 -1.647935158245570630e-01 1.857133386001250941e-01 1.512557795789892245e-01 1.955972194336679792e-01 2.526202630147988612e-02 -1.170363884892126061e-01 8.973221346008840305e-02
-1.367752962386422910e-01 -1.464039035367009078e-01 4.922142318632746066e-02 6.244816207662796242e-02 1.254856639885626457e-01 1.397192883513390660e-01 -8.642524517168181930e-02 -7.342255389907038909e-02 -1.151463410029342493e-01 1.282302464585915458e-01
-5.949745856972271651e-02 1.469741812974580397e-01 -4.209065809779102829e-02 -9.793395826679938965e-02 3.561742327113558149e-02 -1.367015302381750508e-01 -1.325684017698970478e-02 2.418877686946601172e-02 -1.829608741534756722e-01 3.560088175627613982e-02
1.596285403482148452e-02 -1.546251818880287343e-01 -1.975903363792279599e-01 1.919522855960694718e-01 -1.593330988136308635e-01 1.402888542562836516e-01 -1.950116117443131264e-02 4.200425697736288183e-02 -1.020518065174921274e-01 -1.993946088950366013e-01
8.828294974507931714e-02 -5.854635601893835861e-02 1.998332279998167038e-01 -1.231551252154535064e-01 -3.491345840140226697e-02 1.391447023415945672e-01 -5.453322807753999829e-02 -1.811708027057283010e-01 -1.615292329672046723e-01 1.308644794337470996e-01
-1.548266465403641823e-01 6.311982506803735793e-02 1.337161263351559493e-01 -1.188551491560688135e-03 -1.148996478476937699e-01 1.709568301957599123e-01 9.158467193135017004e-02 -3.023801807099493755e-02 -8.168930771851298789e-02 -1.087092741559735620e-01
-1.720222749600831547e-01 1.007302511649183809e-02 9.686837770790972246e-02 1.589897636311228893e-02 2.526960823024139435e-02 1.832386624517870488e-01 1.734808915219056835e-01 1.864338288856135506e-01 -5.348983471612694246e-02 1.280744903144456215e-01
-1.761220291634706947e-01 -1.699044083069602487e-02 1.295737317520805343e-01 -1.961618298871525834e-01 -6.323004757591434155e-02 1.668306356063548879e-01 -1.191699519382418831e-01 -7.201914493273346880e-03 9.388602541894419673e-02 6.305776901832611803e-02
9.890227833125958545e-02 -9.579181995578460451e-02 1.873837403824085979e-01 1.026293641995012877e-02 1.659722859133864192e-01 4.430655731267493964e-03 6.792567057238409201e-02 -1.871196574472061003e-01 -9.661885171944559203e-02 1.525031208014299144e-01
