-9.898955224469428060e+01 5.932995391272069696e+01 -1.398677934009589308e+01 1.022866244314570849e-01 -3.512902199818235260e+01 5.522386380801808059e+01 -2.819331172786986883e+01 4.707017148641111248e+01 -1.995380334892395524e+01 -3.485957033979872222e+01
-2.510208936042803884e+01 1.099197069046699937e+01 4.760838517360309652e+01 2.487251949480989310e+01 6.975595416366002155e+01 -1.601558230364454971e+01 -4.000540445667477485e+01 1.450357256838994147e+01 1.498594166908631564e+00 4.583743900365001878e+01
3.423946661241197376e+01 -4.860452811114556937e+01 8.140261504450333518e+01 -2.616680940133464617e+01 -6.731981899427552207e+01 1.891919121862024156e+01 4.391715207315971270e+01 -4.882806982679708341e+01 -9.040455816317727056e+01 7.856388263447112763e+01
-1.367061242438785484e+01 -7.802504870385931213e+01 1.472946581851630299e+01 -6.930694258502008154e+01 -6.177071813678963963e+00 -1.743941289858526034e-01 -8.139399607255086266e+01 2.696662985447126459e+01 -5.081471206367118754e+01 1.285157321312162537e+01
1.165883677092513437e+01 -4.874084408567853188e+00 7.071607702323748867e+01 -8.324782951336860037e+01 -6.638511428892587674e+01 4.259536889118439262e+01 -2.523864502777975360e+01 9.526652356317023873e+01 8.659761221406000686e+01 -8.617551259112963180e+01
5.401298043723633668e+01 -4.275557566302627777e+01 -9.700460789183931354e+01 8.214330386306150444e+01 9.000346558574253208e+01 3.009094256155572111e+01 7.021285859242524907e+01 -4.076978329141476109e+01 -5.571110086388677729e+01 2.930379275135976513e+00
-3.571122857856030919e+01 9.988149100564598371e+00 -9.428303559728412608e+01 1.532639538465704732e+01 3.664958225500473077e+01 -7.237282266025187027e+01 -2.561341841589988633e+01 7.568834448286128236e+01 7.080305028360311326e+01 5.998382203673139657e+01
-5.941973679857637336e+01 7.947777980100698869e+01 -8.084883196871572864e+00 9.697093715306323247e+01 -5.938849768081713165e+01 -4.677092151714315094e+01 -3.509042804200166188e+01 -8.139402912464052520e+01 -2.931612556427540994e+01 7.342760893642022779e+01
3.844642093987440035e+01 -5.926988605811158806e+01 -2.551807092669335475e+00 6.983010323850126611e+01 -4.611654120543846602e+01 2.508269903783579480e+01 -7.152715784820351530e+01 -6.503212384812920277e+01 -6.407418163248097187e+01 1.513624242588930713e+01
-6.971329872348384527e+01 7.217460933153515157e+01 7.092942836450203004e+01 2.549465275013966448e+01 -3.266347040772159005e+01 -5.959552559730971666e+01 6.134006517928696667e+00 -4.455609065981435890e+01 3.744510895558775587e+01 1.357302354265428335e+00
8.397049727212447578e+01 3.855990190176359533e+01 -3.712600820254536416e+00 -2.039991507074515198e+01 -5.705927198455598415e+01 -7.830666496144107214e+01 -4.374151107715367459e+01 3.427185382359084542e+01 3.453628463931465831e+00 9.156008277764908598e+01
2.372537116546047287e+01 1.677013034406201086e+00 -4.025870939797997750e+01 -4.382274761221837878e+01 -9.533574599963571927e+00 7.358670547948807439e+01 2.317885783320762982e+01 7.208205179513234384e+01 8.677371510799832777e+01 6.814983459008280420e+01
8.387843355853459570e+01 7.221845093459171494e+01 1.725071591222658185e+01 6.442807225289922712e+01 -6.014528009687034427e+01 -6.646329271508489001e+01 9.919203407120474481e+01 -9.173247568981663846e+01 7.377428967565131757e+01 -9.524560163136470692e+01
7.125053472765696938e+01 -1.851004650510161298e+01 5.651132524910420329e+01 -2.462841654555091964e+01 8.545665061154809905e+01 9.056960637394570313e+01 -1.863062583164609975e+01 3.969052343393485671e+00 -6.067411248324881257e+01 -2.793242610973918261e+01
-5.657650903887696359e+01 6.469266248301454425e+01 9.750807989994299874e+00 -1.329907125683567415e+01 -6.235972277020236731e+01 8.282728562519554316e+01 -8.900107625444155701e+01 -8.461898386447685994e+00 6.472451466603780545e+01 -8.952420634973515234e+01
6.253174010560641705e+01 5.754719041640478849e+01 -4.667955290687473280e+01 -7.102115264866597499e+00 -5.233310486510998061e+01 4.835350606646574079e+01 -2.213996958517687119e+01 7.434664725662446472e+01 -2.931948022067413717e+01 -5.742827960560124012e+01
2.259881506169101328e+01 -8.149965614830406935e+00 8.210772990696807483e+01 -4.503432383919587778e+00 -7.654902175839868050e+01 8.573187500664349159e+01 -2.550335023469033047e+01 -9.401684718806251340e-01 -7.246369184560670362e+01 -2.362496132756615452e+01
2.521704630877074749e+01 -1.651522229309428269e+01 8.829674127039078257e+01 5.485904363664869265e+01 6.145226840426974491e+01 9.879927280661661371e+01 -8.207731022143232735e+01 2.945313299208370950e+01 9.708675844922851184e+01 -4.392082830584218556e+01
1.289189387065681558e+01 -5.037944023669638227e+01 -8.438460074133155331e+01 7.306787076628131672e+01 9.105575647065256817e+01 -5.450585795965538694e+01 -9.082384702373562391e+01 -7.371377863904369576e+01 4.524928634878799016e+01 5.384201896860525949e+01
7.577995245416215653e+01 3.064640156679683969e+01 7.646176059736421848e+01 2.988469066531519047e+01 -6.698686580328694617e+01 -1.099372025997880087e+01 9.164697744099373722e+01 -9.278473348198588155e-01 3.050406575997070036e+01 -4.455831455065626301e+01
4.450119648572626829e+01 9.669323119515681242e+01 -7.827708039729051848e+01 9.717223450430566345e+01 5.172116069945374761e+01 5.308570530055609993e+01 -4.675054476464279674e+01 -9.336612794140941674e+01 4.508858543670416452e+01 -3.575510954575626954e+01
-4.797292406150277344e+01 -5.200043720071496978e+01 6.441585255656718800e+00 -1.272306647820371950e+01 -9.596818539067399456e+00 6.528957469748689846e+01 7.688776024858395886e+01 -1.128374009025918667e+00 6.305959745335471212e+01 -5.524906269179097507e+01
-8.458342931562101796e+01 7.437571499842991329e+01 4.521596004686057313e+01 -9.739440228709715086e+01 4.987455503613790597e+01 6.719241067076234231e+01 7.462169127526121315e+01 1.342182610605597404e+01 -3.894493883808536339e+00 7.373266586088462304e+00
1.950461089341555976e+01 -6.871316667943061418e+01 -8.302611802623785309e+01 7.615452469255862411e+01 2.082475036210169606e+00 9.759701963534476477e+01 5.784900889129062307e+01 9.734708575831007238e+00 -1.285625433230181613e+01 -9.645890061225334478e+01
-9.007803051425986496e+01 4.621611461008936317e+01 -9.056457363432433283e+01 -4.240139196223593387e+01 5.206794447414853266e+01 -1.799211769597688715e+01 -7.735664860978606328e+01 7.257985317675650094e+01 -4.776324716684183613e+01 -9.774541951477353052e+01
-2.883936850133655128e+01 4.941638225268405904e+01 -8.936760977079177337e+01 7.860274492357518739e+01 -4.051434971875622892e+01 -8.670343171298682705e+00 8.646593941429267716e+01 -3.675529438204048205e+01 -3.454243011977902711e+01 9.688327942032861984e+01
6.574349666503599110e+01 2.661178924819974156e+01 1.052231869722663760e+01 -1.224920347862112635e+01 4.811695531771121637e+01 1.511256554675092900e+01 3.169471842163454767e+01 -5.472521969385230989e+01 1.940104590168540710e+01 -9.584464171999242410e+01
-5.393558184246913356e+00 -1.313560852707864512e+01 2.100371213685667726e+01 -2.069656586167710088e+00 -2.296103746237956500e+01 2.269782073001836409e+01 -1.747655364704353076e+01 -4.756206937445344352e+01 -8.588518007105641061e+01 -5.121050539660936352e+01
9.362039462793049438e+01 -1.295902595807486080e+01 -9.342151050569285076e+00 -6.928459169644153803e+01 -1.019519760125436392e+01 2.521224662030874697e+01 -2.842233185310317367e+01 -6.377071004254859332e+01 -7.012709099298079707e+01 -7.917793364670197320e+01
5.780417828120530999e+01 -4.650915902968759497e+01 -5.793471635493059324e+01 -2.333687642753707792e+01 -2.795495031702088795e+01 3.496399191720593080e+01 4.375073743055074260e+01 3.189515069388380653e+01 -9.995317646831738045e+01 -9.128760487529598322e+01
8.266970220984995876e+01 7.674693099294319154e+01 2.583375898558391270e+01 -2.452999040360201377e+01 1.670099474172310750e+01 -7.820652919127692826e+01 1.224713313597483477e+01 -8.247056058293040337e+00 6.317430702659038388e+01 -6.433944849610230676e+01
