9.875491835452845635e+01 9.859142046246171276e+01 9.915447276670448673e+01 9.928807191580297342e+01 9.903860951230906551e+01 9.887899252368580960e+01 9.860995219803420753e+01 9.904743883031439111e+01 9.875086995291583492e+01 9.878081546451356587e+01
9.869762698686479041e+01 9.869853471376723064e+01 9.933527899784699855e+01 9.922358850288895837e+01 9.896147118398154419e+01 9.886183063607823840e+01 9.868452093675645642e+01 9.893880231303397466e+01 9.870598637814293852e+01 9.872567225810078639e+01
9.873771518263468749e+01 9.845792879532174879e+01 9.908831211463666477e+01 9.921180936541826156e+01 9.910034215212560582e+01 9.873136867957292395e+01 9.873205258496730607e+01 9.893158210401308850e+01 9.864049296513867660e+01 9.899693843087018763e+01
9.878984941357497007e+01 9.859959856780102427e+01 9.907960422920619692e+01 9.918623416301674922e+01 9.906345420311626526e+01 9.869383499990003372e+01 9.847622673040312691e+01 9.890974388053120947e+01 9.859923422668748572e+01 9.872817935910660481e+01
9.878786736392719092e+01 9.877282924805597020e+01 9.922395331769831728e+01 9.921153717396749983e+01 9.908330043794423148e+01 9.878661063175277945e+01 9.867872802156917089e+01 9.897946327584699588e+01 9.862854406398822960e+01 9.900045221885555691e+01
9.868343824649380736e+01 9.859648868110053854e+01 9.913353275570189282e+01 9.933614914969072629e+01 9.902845461766477797e+01 9.872546973084824629e+01 9.859093977411546916e+01 9.889687097156873108e+01 9.874045834415477430e+01 9.877203079173590083e+01
9.857071843013925161e+01 9.881609169155686345e+01 9.925773560569743381e+01 9.927517498071108548e+01 9.905066836718722811e+01 9.853264346362615811e+01 9.857941514466736521e+01 9.894972991891748393e+01 9.856348371049280388e+01 9.878864058973609019e+01
9.870474026069480544e+01 9.859368793173564427e+01 9.923768587762450011e+01 9.922604693515528140e+01 9.885603010867373541e+01 9.868443058899329401e+01 9.863159125396374804e+01 9.876806515240436113e+01 9.856925930228769062e+01 9.871216845812085694e+01
9.890519221784641957e+01 9.859728994410087921e+01 9.922763574359720451e+01 9.935002915268766799e+01 9.918832782367425693e+01 9.860576331564620034e+01 9.863877633688422009e+01 9.887763836129454376e+01 9.874531944588734689e+01 9.878026702807689219e+01
9.890676062941754765e+01 9.885934505194182975e+01 9.908705466876320145e+01 9.929948816937536549e+01 9.903307850027591996e+01 9.878650885148614691e+01 9.867422450069489059e+01 9.884503488503855806e+01 9.873849286288987059e+01 9.868587357207985633e+01
9.846362782392549207e+01 9.856086357609025583e+01 9.911212402870727090e+01 9.916406366486572210e+01 9.917602664883847297e+01 9.879956437713632056e+01 9.844686176580768233e+01 9.891876895260118374e+01 9.867328191040753893e+01 9.883444613957749425e+01
9.859557177015476270e+01 9.862159802687693855e+01 9.919476592166779483e+01 9.937179336011745079e+01 9.914781989519771344e+01 9.882415490316616058e+01 9.865316189068806807e+01 9.888906513467307491e+01 9.872277849220010637e+01 9.874115979135709154e+01
9.860840814924100073e+01 9.871556182075218544e+01 9.905708378738830788e+01 9.937411283811833584e+01 9.902877140052977722e+01 9.858670856911624014e+01 9.867676832652229280e+01 9.885946679385932612e+01 9.867160677539975211e+01 9.884231186818388437e+01
9.881293620447463866e+01 9.887280417429568047e+01 9.923178124270027922e+01 9.913918191627038823e+01 9.911667420279501073e+01 9.866153821170010474e+01 9.846140425154924003e+01 9.895876503907598476e+01 9.873179577673055007e+01 9.895797488037680978e+01
9.872793518295866022e+01 9.863334358344712882e+01 9.904590744436777072e+01 9.931968264090943421e+01 9.897771584143578139e+01 9.862499733163443238e+01 9.871058169736988930e+01 9.881502995644758869e+01 9.848929662585499045e+01 9.871264379963815827e+01
9.868734433322731547e+01 9.869566446064003173e+01 9.921082581440590786e+01 9.933786914547312108e+01 9.905686601990518625e+01 9.877843526665354545e+01 9.847810857445250576e+01 9.876977434952074475e+01 9.864811773458301047e+01 9.877954949033534149e+01
9.870263870308014020e+01 9.873579078774430684e+01 9.913171262748967649e+01 9.925080990523322555e+01 9.921651954489584568e+01 9.877708737418129203e+01 9.857438287342648664e+01 9.900130399747553156e+01 9.867941246998647387e+01 9.891925109556544271e+01
9.871407990676674160e+01 9.873663684976780530e+01 9.920918506586770036e+01 9.902193022927511379e+01 9.923629781291302265e+01 9.878582546078101245e+01 9.846786669233033251e+01 9.896546182500973998e+01 9.855431741641140775e+01 9.889621519819731077e+01
9.875653684310040603e+01 9.873967429871302670e+01 9.915992194520063663e+01 9.905238093207378824e+01 9.902605949134773766e+01 9.861225631982391349e+01 9.864391597741300188e+01 9.886721176618210905e+01 9.855096308296731422e+01 9.877411318776837845e+01
9.865430646402016635e+01 9.870831758248667143e+01 9.917711719654987235e+01 9.920119178129149873e+01 9.911308253521083600e+01 9.869152349091385190e+01 9.867880024446991172e+01 9.868386010681085452e+01 9.862679704150052373e+01 9.892621638230484393e+01
