1.901838941478970924e+00 2.366975047779236263e+01 5.838864847985863094e+01 2.051559297089562506e+01 1.161524360455237570e+01 -8.003933999348238615e+01 -5.271045519401042867e+01 -1.607552083039205115e+01 4.684146315377520864e+01 1.060302891904751732e+01
-5.735002103200630330e+01 -3.321403604103525709e+01 -7.117885697899559716e+01 -2.600101816479660499e+01 6.559672439815855682e+00 -1.956455512004725961e+01 -4.604175966069277592e+00 9.308281854635237096e+01 8.897783759962391059e+01 2.685862235513542373e+01
5.080968471388194985e+01 -9.761147956402290049e+01 2.596006456852354916e+01 3.078226375822447380e+01 -1.135420898050773530e+01 -8.565138528538594187e+01 2.507491090903914710e+01 -5.102540515922686382e+01 -1.876460672396270013e+01 4.604756174644361977e+01
1.221868265396430786e+01 7.437303842109611196e+01 2.787781947409277450e+01 -5.718345415264338527e+01 -5.348454456159493020e+01 5.871588166776481899e+01 7.941729192022538086e+01 -2.305541316101064808e+01 -8.772481725720547274e+01 -2.067526266167185156e+01
8.250196981268283025e+01 -3.231807774550532031e+01 -9.988801312836858415e+01 5.939612483262891374e+00 2.176539543336907911e+01 7.720161908861763322e+01 -4.527254006840375666e+01 4.771992899540680355e+01 -2.179342229630401562e+01 1.907578279430981638e+01
-6.598108493765380445e+01 4.473678284864908505e+01 3.084633485074013493e+01 -4.422608193932235565e+01 -2.177993055882834028e+01 8.461527675907854018e+01 9.792475505197899110e+01 -1.394679982248487704e+01 4.334619421173641740e+00 -6.798406960090999007e+01
-3.521872104399355408e+01 -6.992751687626181933e+01 9.789608903127060557e-01 -6.111120157161906974e+01 8.295802958102748903e+01 -3.292978444229241575e+01 1.871027168711216859e+01 -5.988973379369506489e+01 -2.800457806616934420e+01 -7.394443332616955900e+01
-3.342356839065183749e+01 3.275753431416589478e+01 -6.535561266569445138e+01 -6.316164225271279520e+00 -7.731245845470846234e+01 6.468212881791552604e+01 -8.622795413237884077e+01 9.062796763577964043e+01 5.988699044070853006e+01 -2.635726943443168580e+01
-9.023418196562515448e+01 -5.300169038283348755e+01 -4.507545778269699355e+01 -9.490737163746403837e+01 6.844055472635062642e+01 9.526359036784273826e+01 9.014656802623065346e+01 4.933432531537499699e+01 5.579032292654062530e+00 2.806065167138535799e+01
7.282715402177944952e+01 1.850827299759679079e+01 2.339080803742589865e+01 -4.084691528857533882e+01 1.442607032965248948e+01 -7.427718003348861942e+01 -2.710069721190396308e+01 7.864430344488860669e+01 -7.314936416343702774e+01 3.749356830742573266e+01
-5.738760204909865337e+01 1.577057102139043820e+01 -6.545151275399820179e+01 -2.667081004981535841e+01 1.669827734257695795e+01 4.642324862706942668e+01 -3.324973541409983113e+01 -3.291191683863246453e+01 3.311138762553312631e+01 2.207884909974056598e+01
2.437725058378634913e+01 -4.575505045034142881e+01 -1.823261843908487378e+01 -5.188229025064799060e+01 -9.747781169467850759e+01 5.900299884831355257e+01 -2.255102826963531015e+01 -4.217464401528812346e+01 1.884561198418725780e+01 8.233751761367309996e+01
-1.936990746754916870e+01 4.842455421178922848e+01 7.208678099777404213e+01 -9.658592942827269212e+00 -4.043622727081528012e+01 8.765734475889519217e+01 -7.119248417692921294e+01 6.561674097372062420e+01 -9.657104946711004345e+01 5.649463441148040488e+01
4.167263656010672435e+01 9.816509534610077026e+01 3.823605729690976318e+01 3.652227643811986013e+01 -7.895657793907047051e+01 4.358976970450282806e+01 3.525574060610057359e+01 -6.544486045083885983e-02 6.783424274972517765e+00 -7.732175306163320272e+01
-2.955730744304953816e+01 -8.546889260496880070e+01 2.972988929506092859e+01 5.695128363112550574e+01 7.100126126392970605e+01 -3.718506955284479432e+01 6.788049479341833603e+01 -8.401697806351830877e+01 2.453090121009257984e+01 1.807098130189774565e+01
-5.185440301381289885e+01 -6.545733970602142904e+01 -8.925606036428361278e+01 -3.401619684358449547e+01 -6.873429869768308720e+01 -5.177211846918055471e+00 4.767576003741297086e+01 -3.479667335183044941e+01 9.323918037815826665e+01 1.873639867433121253e+01
4.509171419562093774e+01 8.119828803009065155e+01 -9.751021666920919984e+01 5.515751109110834705e+01 -8.795510417837164141e+01 7.742228149119262071e+01 -5.421483048908750391e+01 3.773145359644115615e+01 2.564067982745790175e+01 -8.748897429559103500e+01
-5.732444887333385708e+01 6.578551667436011030e+01 2.327475566953405917e+01 -4.820408768638024810e+01 -9.861812826583640401e+01 5.131550088694007172e+01 -1.329052999279025471e+01 -6.221355133520214054e+01 -8.256213222908523619e+01 -9.494848128684112964e+01
-7.499505707742653726e+01 -1.137923879320146625e+01 4.000821331585134999e+01 -1.546967000948271220e+01 -3.194948222218914680e+01 4.713537427064309782e+01 -2.980653904726415249e+01 -4.552271508594714078e+00 6.822111177877650334e+01 2.367848846002027585e+01
7.712966687063433824e+01 -7.164828619162670975e+01 8.829456097474647436e+00 -5.726848567508748999e+01 -2.072221043586237954e+01 -6.998035558484214391e+01 3.297871946057725268e+01 -7.812267254392244809e+01 6.414530722524776252e+01 -1.868302215374740172e+01
-3.644308109208959934e+01 5.628075249685554127e+01 -5.805513786732288395e+01 -5.904555390629964506e+01 -8.407919095101168239e+01 9.769261767541578934e+00 -1.106417551248584630e+01 4.880731174519118554e+01 7.110561210254726916e+01 -7.621034926101432916e+01
-9.934953534953854160e+01 6.513293481012081543e+01 -6.951828197835459378e+01 8.117599767221724960e+01 7.679677712725953143e+01 -7.088540737185951457e+00 7.803076169671214757e+00 4.470727462470242131e+01 6.645430660067700046e+01 4.741971253040981082e+01
6.450815915955743662e+01 5.666791010996780642e+01 8.233519960218720257e+01 4.428593546704689743e+01 -4.187257299537674271e+01 -2.411339917258699472e+01 1.711499347139280758e+01 9.207523153127087312e+01 -2.808854522949037857e+01 -9.577139174556808143e+01
-9.842852300610702798e+01 6.634834787787733035e+01 6.947667777566991276e+01 7.832142112817479074e+01 -3.538740083704135486e+01 -4.570322679968911928e+01 5.493892590124400499e+01 6.671373404167454169e+01 -6.642861238347708763e+01 -4.821225853248822801e+01
-3.392282751720145484e+01 -8.256873599130727825e+00 6.116673234628930800e+01 5.083514802600802795e+01 8.216237104284164161e+01 -6.526118004390335159e+01 -9.165264345161770621e+01 5.251837353116968643e+00 2.323147239663249763e+01 1.226276669580035161e+01
8.383085173487319253e+01 7.644993150400168247e+00 -4.843361961994123988e+01 -6.627328664204172526e+01 -5.532206396595267250e+01 9.761899356822587492e+01 -6.213947709499409910e+01 -5.575346585982799752e+00 7.065265586159796385e+01 -4.992208080335656462e+01
7.635430064099938363e+01 7.156401121660510967e+01 -9.111833400124859850e+01 -4.593124270271362519e+01 -2.319863873983916847e+01 7.938903665911115581e+01 3.497735832074832274e+01 -9.784343045153056551e+01 4.832310703150159270e+01 7.976068194929752053e+00
3.930417095583985088e+01 2.044682051874626438e+01 -9.291683121122360944e+00 -7.086085842015144465e+01 -7.023074696431240227e+01 -6.131606567602432278e-01 -2.019548967248370275e+01 -2.366996447898721101e+01 -1.586336028678661592e+01 -1.398267029130384742e+01
9.854004163367710589e+01 8.736247691408834726e+00 -6.163514218326015737e+01 -9.971657692146575869e+01 1.346527503797238978e+01 -8.121597345004414592e+01 9.186746496390716743e+01 -6.362702280067307470e+01 -5.877686624672362825e+01 -7.210661397946967099e+01
8.035916605416710468e+01 2.364322574206860850e+01 -2.486840576828817007e+01 -2.572612876056636821e+01 4.250506036812001298e+01 6.997604267128500055e+01 9.529745971180813058e+01 -1.163240885171956052e+01 -7.322095013375809458e+01 -1.697223034001930841e+01
-7.857000329499953750e+01 2.639897081422346048e+01 -1.214188820842012717e+01 -7.754841055147123541e+01 -5.895371736622181658e+01 6.039582808433044647e+01 -2.075582520459833802e+01 4.449385886517703170e+01 7.150541308121441375e+01 9.941881915339340026e+01
5.367506754327811791e+01 3.538631176630059372e+01 8.652969603657908237e+00 2.459422967592747966e+01 4.163598584592577367e+01 -6.578306252111724461e+01 -1.519744626614085803e+01 3.622254816108909381e+01 9.486314715306176026e+01 -1.471988102157112621e+00
-7.926634561875533791e+01 -2.231442111999652411e+01 -7.708319429528279443e+01 -2.397113695004331646e+01 2.150027341659968272e+01 5.079395582822684219e+01 -3.111637263678004217e+01 -7.824224185681067922e+01 -3.684764096122394506e+01 -9.961377487884325888e+01
-4.880635634571950732e+01 3.865350255711263117e+01 4.253539971395525754e+00 1.045095475218325021e+01 2.718619237811203959e+01 -4.395727231061792395e+01 -1.314584794724846972e+01 -4.713596765284366796e+01 6.393271581330660069e+01 1.648349937216018191e+01
-2.386387676711055406e+01 -4.321457309538707392e+01 -5.343640401664342221e+01 -6.892880519147939822e+01 -4.923562015662135138e+01 -9.749951543477253324e+01 4.213908603815343668e+01 -1.575811983115968928e+01 -7.108512561794728413e+01 9.547171809292933631e+01
-3.321027729572759313e+01 6.733819834840642216e+01 2.520663593448142592e+01 -6.451518960437681471e+01 1.921447856678221910e+01 -8.208126830168953347e+01 -7.520379052378436313e+01 -7.442384582468604037e+01 -8.393533338586070158e+01 5.667897343098658780e+01
-1.996178800905789785e+01 2.528851217822733588e+00 -6.063469165340600142e+01 4.695024331392662020e+01 1.503159151834930185e+01 1.092495133383989980e+01 -8.454954377814132727e+00 3.642520782061953355e+01 -7.155893546393869542e+01 -8.002299324391515256e-02
3.586128059923089495e+01 -6.566541340626190504e+01 6.340289364972994690e+01 -1.335808334177185941e+01 -6.493468325724178669e+01 -4.131396426012070577e+01 -7.904129441811306833e+01 -4.302382373044650876e-01 -8.641813430509910177e+01 -9.099023422668052774e+01
4.931458784747675850e+00 -2.576055165057678664e+01 8.556148716692914036e+01 -1.671147904362872794e+01 -2.224394394401826958e+01 -6.569094115034421577e+01 4.474905428517212158e+01 7.692247056883448408e+01 -5.359070588063410412e+01 7.148750259613811409e+01
8.434455747675036719e+01 5.865946978857448357e+01 -6.980233409185738935e+01 -9.603939111463972722e+01 -1.882592436963344085e+01 8.764111484861584245e+01 3.532766835734298638e+01 1.479157970168536451e+01 4.230985377967604677e+01 6.675310744258140971e+01
-1.759293956281278781e+01 -6.690087122932985153e+01 -6.282382721744856724e+01 3.080886907334050306e+01 -1.440716793319668909e+01 -1.595500576703435058e+01 -3.287972233735179373e+01 -9.820368442381686691e+01 3.918601909701465047e+01 6.610641648506330625e+01
-9.996639166952128619e+01 6.574985295115871509e+01 1.069599656086623440e+00 9.837338381481396254e+01 -7.400182667686777904e+00 -5.296523290782002391e+01 -9.944145281160743366e+01 -6.562398326568936113e+01 5.144257912019546097e+01 -7.384010062724712498e+01
-2.698728426256292323e+01 -9.209665170655978272e+01 -8.317891839227841899e+01 -2.610528310438996868e+01 9.137774323208478222e+01 5.630864542402542838e+01 -3.429948858236429032e+01 1.865014073588059773e+01 6.359487548775504706e+00 5.261975257269526196e+00
1.723083009130554899e+01 1.815735896337149313e+01 -3.764414789844015274e+01 -9.741771255986941469e+01 -6.798825631068191910e+01 3.048105113070275252e+01 7.408584608284721185e+01 -3.270043399599680356e+01 -9.227674953712789829e+01 -9.307865268219256905e+01
9.422813314295385112e+01 6.055776504795457527e+01 8.756359301366998693e+01 -7.670463002099666028e+01 8.281445420008498104e+01 -2.948470500410266482e+00 6.964820107986412268e+01 -2.012702886788819967e+01 4.718244349801523185e+00 -5.103665055076227475e+01
1.797225148725041777e+01 -2.346671377550437398e+01 -7.330706717687189666e+01 7.969304944321132211e+01 5.468618107415801433e+01 -1.755081123145345146e+00 6.476081215893898957e+01 -3.142214206405937205e+01 -8.516415386543749833e+01 6.796958605109082896e+01
-3.153769367170247051e+01 -1.637230427431568103e+01 -5.959032122036773416e+01 7.416019766564204474e+01 2.680594792975725227e+01 5.571505371828382636e+01 -3.464190989159581591e+01 6.508244065945191892e+00 8.136356922359325949e+00 -5.386966978222469038e+01
-2.755935167365286986e+01 -3.911642529741862973e+01 -7.429401405802946101e+01 7.425109978023434110e+01 -9.036899299295654941e+00 9.606664762860515339e+01 5.892385001904915498e+01 9.886222415361322646e+01 -2.875883903726186475e+01 8.737517129448519881e+01
-3.577938753705768704e+01 1.271491278796585789e+01 5.482026001862678299e+00 -9.867841882141415510e+01 6.598905523366980219e+01 9.255076707104009870e+01 4.654136849702769041e+01 -1.541202118747619920e+01 5.546295797026502328e+01 -1.971352694911030312e+01
6.442988246262817142e+01 8.309200978488814826e+01 -7.525138676469524057e+01 8.218606700722293112e+01 3.783903221187989629e+01 6.802078999474591114e+01 9.904776353856718174e+00 8.552065974562358974e+01 6.723027909417336900e+01 -8.910691693240326572e+01
-6.855648209460316878e+01 -6.933395218411160954e+01 2.515171217179646135e+01 -5.053450849682936763e+01 1.311186538745148766e+01 3.974453884150719318e+01 7.203457121627062065e+01 8.562368470664608822e+01 6.356095383635945950e+00 -2.548345460760172898e+01
4.466872709112891471e+01 8.377779951643140066e+01 3.946116387273713144e+01 -5.912408303851226776e+01 5.800512111868005150e+01 6.262125740970847687e+01 4.808548598773006688e+01 -2.275978830724562840e+01 5.988456484085074294e+01 -4.890872437248312821e+01
2.939796803951398374e+01 7.112202539392643530e+01 1.072043215851763875e+00 -9.463551060755858657e+01 -3.258783529273053148e+01 -9.646589083392966302e+01 -3.399056504767881393e+01 -7.220823626974123499e+01 -3.006644709499303758e+01 -6.394603611979174929e+01
-5.232914275730604459e+01 1.117254068394106525e+01 -8.786580197105331536e+01 2.971105485891280296e+01 -4.875869404609800739e+01 -4.586466851797466404e+01 8.963577924569355559e+01 -2.084117052651161828e+01 -4.637865764827822090e+01 1.762809048334553097e+01
-5.509024927669761240e+01 9.784494471384221015e+01 5.028841205494180144e+01 8.243456164020182086e+01 5.936167175060549539e+01 1.445181843046741221e+01 9.170545441076825455e+01 -1.239099892003491732e+01 -5.868958108623345282e+01 4.102196026333561463e+01
-6.297567719306347556e+01 -8.745964231287561574e+01 8.852410246524328841e+00 6.100093929330699893e+01 8.250804552499283773e+01 -1.759034099277879193e+01 -9.672313574178588169e+01 -2.587251768040044908e+01 3.941910171515363004e+01 -7.179925525420998156e+01
2.837047564737110861e+01 -4.063357927635700406e+01 5.331359584770484616e+01 5.771164036627999394e+01 -8.205716138865830089e+01 -4.710020658236457791e+01 3.433777112926458130e+01 3.688561968964916105e+01 1.970595556292047945e+01 -7.707299567285926400e+01
8.369921520494858669e+01 5.123478895642315933e+01 2.415501097531887353e+00 -9.614167592102451465e+01 5.975635455999548640e+01 1.624009654424240523e+01 1.854839567642896725e+01 -5.494341065803518376e+01 3.140197626025721434e+01 -8.083232606344139981e+01
-4.313572449684927790e+01 -1.168327248582259870e+01 -8.110093042136162467e+01 -9.855573470160562977e+01 -1.556441152865488675e+01 4.104698199573161332e+01 4.596492920780957547e+01 1.582278523820239968e+01 1.579110063763108940e+01 -6.943535597629644940e+01
2.414698205406418197e+01 -9.240220766513257900e+01 8.617320647384943300e+00 3.619703377082856832e+01 4.865105187096716577e+01 3.498786460743724547e+01 -3.228425354619808729e+01 7.257651209229240408e+01 9.882900815666201311e+01 4.282042780583813624e+01
-4.382549001563737789e+01 9.046491527692711543e+01 -8.240525820474189800e+01 4.654031432903056498e+01 -7.221745308089850823e+00 8.539231523031699567e+01 -1.691828961384447894e+01 1.409226198362334515e+01 7.469791816788412575e+01 1.583646991635900747e+01
5.437958075960929705e+01 6.518340324893821958e+01 -6.569668005355566720e+01 8.353490976103714161e+01 6.155120071851376906e+01 -2.000183821875083368e-01 6.566620919053713124e+01 8.834601981956930672e+01 -4.105415319890938974e+01 6.631748137465385184e+01
-1.977437151994759290e+01 2.473975471157665140e+01 -3.217949732983370836e+00 9.160348328570907483e+01 8.984647772468017024e+01 7.020917344971275043e+01 8.624744118562429662e+01 2.278513639610096675e+00 9.152675443943607547e+00 5.715008143631905568e+00
-2.152166209138127329e+01 9.472647649326543728e+01 4.394212016977064650e+01 -9.954299056464873274e+01 -5.091626355757841083e+01 -5.133738347890997034e+01 -8.533341531362097498e+00 2.459003369872453959e+01 6.619993538898611973e+01 -4.301068897128694601e+01
-8.269371592025521522e+00 9.364394733164840545e+01 3.075298758959081624e+01 -2.653192130420747219e+01 6.553169289934018593e+00 4.985360821307253332e+01 -3.051174047234069064e+01 -4.342491315063166013e+01 -3.552103180718671638e+01 4.324405483586252785e+01
4.875106866127637772e+01 4.489666909774769010e+01 -1.114732317689355057e+01 -7.034813003939342479e+01 7.338615199734894645e+01 -3.641701891712063599e+01 -4.124061703268544221e+01 6.658917102835835067e+01 9.709655930155577153e+01 8.026928016196285398e+01
4.875949566975265270e+01 -1.020641764216820491e+01 3.597273240992655019e+01 -7.492827079094270459e+01 -9.558062327312329387e+01 -2.314994534768619872e+01 6.660391591364188457e+01 -3.639047213326143293e+01 -8.956383022263958082e+01 -1.616879675606980982e+00
4.276340691821062023e+01 -7.496724239388956335e+01 8.435677338572449457e+01 3.831822195791062313e+00 -9.142658817183357201e+01 -8.539393812713404941e+01 -5.026649975036332307e+01 6.813254770649783154e+01 -1.109763387632828824e+01 6.618346481196033437e+01
-4.360421179664408697e+01 2.090326540212565476e+01 -8.840319575055465862e+01 -5.443558182556511582e+01 9.895214377951828055e+01 -7.394016954334956893e+01 1.166702002403950189e+01 3.577644299353457313e+01 -1.244592123780141435e+01 1.596744309046735566e+01
2.803220297042886955e+01 -9.450996336978234069e+01 2.637432876513787505e+01 9.761827448132521567e+01 -9.992974545327926705e+01 -9.780821331379966921e+01 4.957138924550147863e+01 2.265000731491856811e+01 9.792153918797552592e+00 3.189012975181293541e+01
6.118227712969354570e+01 9.674862348727697281e+01 -2.144793352707733902e+01 6.026818198858470055e+01 9.412132793062585279e+01 1.892022370175617141e+01 4.569821826231444106e+01 -9.915941254153206330e+01 5.706029012989941407e+01 -9.561627849229827802e+01
-5.769989022033858816e+01 2.665282071672288566e+01 2.961238360104738376e+01 7.156490036216740691e+01 -8.577891248119213685e+01 3.724513697698185410e+01 6.229672006310883603e+01 4.186391927903713395e+01 -2.684983040650668329e+01 -6.529615856503721716e+01
6.675552354705541802e+01 -8.243055125865373611e+01 -3.760600928385755282e+01 -9.481772725259776280e+01 2.749651739323837774e+00 6.173236793345563456e+01 -2.561163230621434650e+01 8.193258196160269335e+01 7.761133579448824094e+01 2.393579758559319259e+01
2.055855643929152166e+01 -9.521498548937161388e+01 7.749412588809758518e+01 8.192583129564567912e+01 -8.560408170406461181e+00 2.333360964285853356e+01 5.700364015289608233e+01 -5.707869898942230691e+01 -4.988492649532201284e+01 6.215637429152994287e+01
-1.679107101629149668e+01 2.728195627708784343e+01 -2.402724680911252619e+01 3.328335436932772495e+01 8.173681309327253075e+01 -9.263744199198622198e+01 -4.924899324391864752e+01 -2.499883102074984720e+01 5.889277115049651457e-01 -3.677718175868547235e+01
-8.313421942846886736e+01 1.653629128093341194e+01 7.302688788025051281e+00 4.841173183190429086e+01 -7.340504631501178778e+01 4.762232677851292806e+01 8.277426494124506462e+01 4.543632731546586001e+01 3.697739561196607383e+01 -4.500789422995583777e+01
1.066056174346212515e+01 6.395516383659455073e+01 7.029853287184633359e+01 -6.432618111878602463e+01 -7.622071082764406924e+00 5.182077256579134428e+01 -1.220855397745626192e+01 -7.842731775769000535e+01 2.950833194617783306e+01 1.915898735814513998e+01
-4.472857885542469347e+01 8.503469781522062476e+01 6.088522374462735343e+01 4.159165708668504635e+01 7.694666745268267505e+01 9.469408150539717894e+01 7.244767025637796110e+01 5.868642546576865016e+01 3.252157582954214377e+01 -2.210313679773747708e+01
7.319764364994125572e+01 -2.977382864743840685e+01 -8.426095580155792675e+01 2.687765634372898660e+01 -1.580449499560671711e+00 9.118713631779593243e+01 -8.884490508705749789e+01 -3.135409316276469838e+01 6.298347238396084435e+01 7.349057730571382763e+01
-2.820085857807627860e+01 8.653611639331032279e+00 -9.541902892078171305e+01 -1.307351310006445999e+01 6.053580922182007384e+01 -2.719656388388777657e+01 -6.730138369539520227e+01 7.140179594000102270e+01 2.947718309574835871e+01 -8.496008254622557843e+01
-7.245353591310508534e+01 -7.116317566380401161e+01 -1.980521647511037031e+01 5.196460391885383956e+01 1.524063853618544329e+01 -6.589701534023078011e-01 3.927205414556667051e+00 -7.782549603683611394e+01 -2.210564092196992192e+01 -7.390223369016268862e+01
-1.189642698706911972e+01 5.549412271797345397e+01 -5.875848503446638915e+01 -9.755916492083078140e+01 2.149525861865492971e+01 -8.507222128916993142e+01 6.137934187010330334e+01 7.894616662117041983e+01 -9.994563172978465104e+01 2.128576430682758769e+01
-9.703135022800448439e+01 4.490512425352449100e+00 -3.475083423122977422e+01 7.650574962014042057e+01 4.363879702964598550e+01 -8.393880964267481204e+01 5.844228870753107685e+01 3.822185879625658345e+01 9.851257395940373840e+01 1.539391620760599722e+01
2.769328491970080108e+01 6.052575644937331845e+01 1.175553499902038368e+01 2.689134761691553877e+01 6.972490718446911728e+01 9.273639398161265035e+01 -3.062174549351482256e+01 4.901951018936085802e+01 8.418056955476774306e+01 -4.235643430487856165e+01
5.729913371052657567e+01 3.303520355944314701e+01 -8.634275697054987120e+01 5.779074408035509691e+01 -6.362870986120310590e+01 2.664104949093986363e+01 -1.914382636861324727e+01 -4.371547770690189338e+01 -8.108309358541339407e+01 8.339968397358902052e+01
5.559213790535793009e+00 -7.901016866122188276e+01 -6.051709433200187505e-01 -5.502986711378048312e+01 8.132513224050171630e+01 9.980464586836944818e+01 -6.271588861140309490e+01 1.743690071280875031e+01 -3.916174030651065152e+01 6.348178692686329327e+01
-9.564136453067253285e+01 6.087112558086590752e+01 -8.125310171314595209e+01 7.854406183975754630e+00 3.722144563516968674e+01 -7.228533455057109336e+01 7.881804419107248805e+01 -8.330929281411509635e+01 -6.788242316790262976e+01 -5.625377085874136895e+01
4.791723442646400599e-01 1.906012094882179042e+01 -4.442629863666927292e+01 9.215993250238165047e+01 -3.452430210932675436e-01 -6.330285177245457362e+00 5.619203384764378484e+01 -7.116484207487604863e+01 3.857270392044520690e+01 -4.528181105855267674e+00
2.097378233277282789e+01 4.087200888515511110e+01 -6.856716952404680399e+01 9.828582510888870161e+01 9.425177012370176044e+01 2.260149528299602650e+01 -7.054128906194418391e+01 8.975714784461283102e+01 3.054329310759194982e+01 7.224462477144308536e+01
-2.585257933696374266e+01 1.240837732524593662e+01 -3.359805249462897336e+01 4.179033545883390843e+01 -4.479362270562292281e+01 6.783680205978740219e+01 -6.631698762607214803e+00 -3.956182329735289471e+01 -9.874818954766280399e+01 -5.635536427021852290e+01
8.744029344172275842e+01 -6.727459635443065622e+01 2.438482230022232500e+01 4.062699135799005035e+01 5.872730070407291691e+01 -7.025286581955781173e+01 5.274833809201595614e-02 -2.063365131629548443e+01 -9.698728138917277874e+01 4.334544796674867939e+01
7.175709007817317797e+00 -2.044728745072035281e-01 -5.462244070664012696e+01 -7.475759164479276819e+01 -1.928706815298473032e+01 3.627846397523200039e+00 3.499496318063123113e+00 -6.853282682705892626e+01 1.218911569199121914e+01 -9.573080641413052660e+01
-1.124735819402474135e+01 -9.937167443394618260e+01 8.921244050820968141e+01 -6.913628400815856878e+01 -8.158244559504348103e+01 9.300122801589387223e+01 -5.068794863512251681e+01 -7.918163688730157901e+01 -9.354870699066324846e+00 -7.367457413028049018e+01
8.119449371959831296e+01 1.332193169467248595e+01 5.755599355741927070e+01 2.287762749254966366e+00 -5.403008251766745218e+01 7.976848891800432284e+01 -3.568831849775733644e+01 9.631824168367236894e+01 1.625827933674308667e+01 7.810182670641916047e+01
9.584112974400360940e+01 3.240353477903775570e+01 4.260883098319524720e+01 9.752404568434761245e+01 3.069069653365551176e+01 -6.473047488865076105e+01 6.177574387744553519e+01 4.344920286247818808e+01 4.463245535775286044e+00 9.812879767732624714e+01
-6.024988055623696681e+01 -2.589019889953618758e+01 -7.256247340430695658e+01 -7.588631360569304718e+01 -8.584297995737919962e+01 3.793490051614071490e+00 6.411887598285113654e+01 5.763931160130613307e+01 6.327699589814784531e+01 -4.860690231477071421e+01
-2.186788174419231723e+01 3.219229430015863613e+01 -8.727838489919543008e+01 -3.139233753242611158e+01 4.807074885309557999e+01 -7.257227379956501068e+01 -8.630590549284858071e+01 3.459803617723878233e+01 -3.900718577382651375e+01 6.595910397024553617e+01
3.176680729562210104e+01 -9.090338670634660900e+01 -3.097350321181468757e+01 4.555010999588361642e+01 -2.466697354918298402e+01 -1.451802038828537889e+01 8.343007945192891839e+01 4.207908370521562347e+01 -2.174112288593705955e+01 3.920027759681403268e+01
-7.298504499518298871e+01 -9.821509184875452547e+01 -4.755802254969996312e+01 -6.094773513144771471e+01 3.853439608713412667e+01 -3.194214539334187464e+01 8.197344468848316978e+01 2.296746536794273652e+01 -2.502339963781238907e+00 5.015005356142327742e+01
2.450793957145526747e+01 -5.206214408329210386e+01 7.758114800624730378e+01 -6.486650114620731244e+01 -9.017072781680113280e+00 -7.862525812817150950e+01 -3.635991026374441049e+00 1.989049910685629641e+01 -4.657961538342654251e+01 -6.223204599739238319e+01
5.671187611187542643e+01 -8.330182242907932277e+01 -4.976597660062187600e+01 -9.341782237672163092e+00 8.105337980090141059e+00 -5.121867363231133652e+01 8.819709300839414823e+01 -4.130222655721249225e+01 -9.792516561982141354e+01 9.933742921212538590e+01
-2.451240408772372348e+01 -8.360813213491995555e+01 1.161816990198545341e+00 9.448599552360647635e+01 9.245444584189652915e+01 8.483324172236393679e+01 -9.858635783816981757e+01 9.328169902225721444e+01 9.176890886104919787e+01 -3.442782338502155426e+00
3.126836129692964050e+01 -9.408891214882260101e-01 6.310103413028622299e+01 -1.048848716803804848e+01 9.381359742196605112e+01 -1.011916836861814772e-01 7.345422128018950048e+01 -4.265774843610141431e+01 -9.759636793755532835e-01 4.482006995624792012e+01
8.802562242230501965e+01 -1.334871699284119018e+01 -6.927055620219293530e+01 -3.879173360132928394e+01 9.748060617322670396e+01 -4.964846880759618841e+01 -6.090981946866236285e-02 5.168677224210796339e+00 -7.422359554563580275e+01 4.884066537608561021e+00
6.849742014057426331e+01 -7.577862167624596168e+01 4.676028087362630004e+01 -9.960171967476212274e+01 8.776606964733431937e+00 -3.085891327364693382e+01 8.581411767189479178e+01 -3.974561113790728939e+01 8.244382099502786332e+01 -4.881003999685233907e+01
6.998262009399141448e+00 9.640571395067289018e+01 7.158083298467036570e+01 4.560934806105098005e+01 -9.390526966274101994e+01 -2.254853482263187914e+01 -8.655280896873742336e+01 -2.458559505232915399e+01 7.596540261094617108e+01 3.323149856821780190e+01
8.173806902832589572e+01 -6.881566701871591363e+01 -6.851243782526040604e+01 8.178812679399030117e+01 7.959223722916470933e+01 5.650397148451165208e+01 -6.569851311167826680e+01 4.029053111451753466e+01 8.238626989822950009e+01 -3.392350198977356968e+01
-7.412560638943770641e+01 5.043334054636943620e+00 1.180776272471038624e+01 2.983965731784644504e+01 -4.870798097759936240e+01 -6.232389348093292369e+00 9.497789127130349129e+01 6.955062168006281809e+01 -1.550423483576098249e+01 4.497736529530428129e+01
-9.984694473234587520e+01 -3.257089791972845205e+01 -1.014021117979557118e+01 -3.730276036631750003e+01 5.235131307607449003e+01 -5.575582427422103393e+01 -1.071197431442286074e+01 7.597959817546814065e+01 -1.648700319037172335e+01 3.951624851219042966e+01
-5.552771183044647074e+01 2.740212731085817666e+01 4.801112981162663118e+01 1.662395899576389979e+01 8.764821017712321805e+01 -5.955295329849732866e+00 -8.379247370906634274e+01 1.723523340209767696e+01 1.283442834361825646e+01 2.312863506255806101e+01
-4.745907723209326434e+01 2.485018816151954013e+01 9.388532244339154431e+01 -4.482039760450096111e+01 -3.220072593057379606e+01 8.796251589235797042e+01 -9.326568361502742732e+01 -7.930573798348068237e+01 -8.198543572199938012e+00 -4.856624548215775405e+01
5.672980506116996935e+01 5.919176694310800713e+01 9.775011163428180794e+01 -9.295705780159380538e+01 5.625208259674710121e+01 -2.761313887040665804e+01 -2.722973790354869550e+01 -7.174378115684288559e+01 -3.794923229814213528e+01 9.186560965634777176e+01
-7.687989005790787189e+01 -4.527195831189305864e+01 -3.391405118748863856e+00 -1.376904632066309375e+01 4.048302603413213774e+01 5.770083997530741726e+01 8.963574614441256472e-01 7.859245991339199122e+01 -3.640458578147205060e+01 -8.010249887401887747e+01
-2.983444386653862068e+01 2.070456049603515680e+01 -5.262689615422748801e+01 -3.414620401359609048e+01 -2.108984689737907559e+01 7.686210775191784705e+01 -9.910406401209353078e+01 9.176896786459340660e+01 4.742578197003228979e+01 3.458657849335344281e+01
-2.018210924749382684e+00 -8.350002064583274830e+01 -2.134621534063587944e+01 4.014803437018849763e+01 -6.382842051438597508e+01 2.950814275178430535e+00 1.191673981508769486e+01 7.899611902669283836e+01 -1.015346538699371592e+01 9.611765614420767179e+01
-7.593119767329352499e+01 -4.825397685565342698e+01 9.789559238864643476e+01 7.556853387453725190e+01 -7.170783820529996433e+01 5.440961390272812537e+01 -7.697558939366678032e+01 -8.066480011017617358e+00 -8.639165100218981763e+01 2.572181440144379394e+01
-8.459966184309406856e+01 7.066158689641542878e+01 -9.496774416618404757e+01 -2.608443600268788032e+01 3.650809453395214632e+01 -7.981486437565848746e+01 -5.986227798400225453e+01 -9.245550485881415170e+01 -5.432760428501104144e+01 -4.436751856264511673e+01
-6.432675704083541746e+01 -3.034450097020220483e+01 -8.358119044860477231e+01 -7.403174390438955754e+01 -4.504128341377862199e+01 9.333322032834294646e+01 5.246017744758785284e+01 -1.561333122147392771e+01 -3.692937129366460169e+01 -1.647475795258340270e+01
-8.862123431392446093e+01 -1.152258422601933319e+01 -6.081680897688706011e+01 -7.282405026723483843e+01 4.031368012060954698e+01 -1.155441438226922912e+01 -5.995478613458094230e+01 -1.752402696358478806e+01 -1.949921867135533660e+01 -3.175133752965150791e+01
3.590416100081552031e+01 -6.758269924735046175e+00 -3.006673442505028504e+01 -5.174964416389491362e+01 9.780165015726146294e+01 9.400708464458904245e+01 3.087756338850462612e+01 1.125238764615809828e+01 -9.042061179753535782e+01 -6.962524926644182699e+01
1.042786313026023493e+01 -5.804264083828212506e+01 5.113284131916685737e+01 -6.241790091489794179e+01 9.419897504292700319e+01 -6.989986934540732477e+01 -5.898259556169702478e+01 8.492678373466716835e+01 4.187243773855234963e+01 -3.252315148435120307e+01
-9.234149171216317598e+01 -7.584282763447096443e+01 -2.521850759324229330e+01 6.794219876295875338e+01 9.305150062840925784e+01 6.509561052739471165e+01 1.525463958346699656e+01 -3.614769118760467848e+01 -5.309624072035686027e+01 -4.033758255369417611e+01
8.277612300166069303e+01 4.744091311035711556e+01 -9.179452482352078846e+01 -2.088991940361550803e+01 -4.078985491354325177e+01 6.249200135566817949e+01 3.142075829417663613e+01 2.509302215623752375e+01 -2.813880806228110032e+01 -4.295582064188459270e+01
4.655809292174637903e+01 1.206399835583408731e+01 -1.799570772884644043e+01 -9.960377374466673928e+01 -4.561119197338232567e+01 2.228847331286077349e+01 5.029323268943491598e+01 -7.880608212505499921e+01 -6.653962261347376739e+01 -7.733948425501912993e+01
-9.325405574550646293e+01 -5.181349504567218389e+01 6.893407380865863843e+01 5.573808819183273044e+01 -9.736070402349822928e+01 5.606124774156958779e+01 7.878431022501101211e+01 -3.253736873050613099e+00 8.994080338149308318e+01 -7.441080549451513093e+00
5.890726536562920046e+01 -7.079855833619861016e+01 -4.644779417307778147e+01 3.515253909678386890e+01 8.484405674048272772e+01 4.458964079300406524e+01 7.678348886624348779e+00 -9.374023573792062791e+01 8.070534007052572179e-01 -3.154046078597720282e+01
8.472487653010381337e+01 9.641233823299072014e+01 -3.683938300845706237e+01 -4.037162279908685747e+01 5.120692815347291571e+01 -7.223688532156256770e+01 -4.433125556611612694e+01 5.453410435333680084e+01 5.819971749224527002e+01 -4.139266448746042215e+00
-1.361393274583728896e+01 -5.091851621027348074e+01 -2.746593651902401234e+00 2.759364057837770190e+01 2.153384304124048754e+01 8.887226731002357383e+01 3.577593620895402182e+01 -2.923201840721758060e+01 4.389520845939014748e+01 -1.910056482437889258e+01
-5.319746670758924978e+01 -1.548780771351492547e+01 8.742983108240014190e+01 9.047136317481496803e+01 4.951953348230767915e+01 -2.398900285939500066e+01 7.067335711168587409e+01 8.173567637463688129e+01 7.625965601379451186e+01 9.552544178312936651e+01
-6.941737483716137547e+01 -4.800000402777205011e+01 -7.568329842968446997e+01 -3.680247664685487763e+01 3.456300287428842921e+01 1.599357383510057673e+01 -9.554508416313521479e+01 3.204319845721246907e+01 3.566616921652294536e+01 5.595481740664442327e+01
-5.032113719187478296e+00 6.888997071658391746e+01 1.715957892910910232e+01 2.669254676516402469e+00 6.583207073458723357e+00 1.835855563977398219e+01 2.168907696518995465e+01 -4.278375144074138348e+01 -1.053644990347720523e+00 5.469564716283642269e+01
9.128374324651517213e+01 3.557529550551700481e+01 9.418121308713770645e+01 5.194440648249795345e+01 3.413121308516087993e+01 1.664399272896324078e+01 5.689337698843516478e+01 -6.097573384086265946e+01 -9.304713477772308750e+01 3.528899059121934556e+01
-6.768161089420092935e+01 -1.782723031901154798e+01 -2.077646507174257806e+01 5.122621041103153061e+01 -5.544229192796641570e+01 9.069963200299463324e+01 -3.937817326977530996e+01 -8.449804935890985291e+01 -7.405181335933437481e+01 5.893972730294322560e+01
4.755625264901516402e+01 3.782237073807311845e+01 2.308585037952654773e+01 -9.246281653485040408e+01 -4.934575392025502083e+01 9.424803062878785909e+01 7.576425479484026937e+01 -5.586789163198715613e+01 -5.061013479515452929e+01 -7.324076667002010765e+01
-8.513111150994907916e+01 3.103112790789495534e+01 -3.897152908967576224e+01 8.024485440676505732e+01 6.748442345693624134e+01 3.666810982189849710e+01 -3.372453499886648842e+01 7.708015109222509409e+01 -3.917233223125571584e+01 1.323922899726863989e+01
-8.783312248269945144e+01 6.397026066255676824e+01 8.088879465673056757e+01 -2.669839019624089360e+01 -6.365011074065836283e+01 4.796326426970205148e+01 9.097339579151258704e+01 -6.429526623523980788e+01 -5.716126156315270634e+01 -8.017103787780321511e+01
-5.554988211260298669e+01 -3.620152625904904653e+01 -1.263715503318908873e+01 7.849661874477612855e+01 2.739534958582765967e+00 3.962039097267330590e+01 -5.559253047429333350e+01 -1.072902948436262704e+01 -3.428396954673506514e+01 2.128134544424307251e+01
-1.404334221609468614e+01 -3.824690561307952663e+01 -2.559383414804845813e+01 -4.515005240572342871e+01 8.215596265631856454e+01 8.452964963156250633e+01 -6.331852090187037874e+01 5.905763533077922034e+01 1.052312685504391254e+01 -1.694318812562320886e+01
-6.055345533428081239e+00 7.369181661214884116e+01 8.857439105576744964e+01 -9.950603828241668225e+00 9.432406308491650293e+00 -5.678166017459162163e+00 1.863535806593579025e+01 1.622199724167363399e+01 4.248295326986431064e+01 2.521046052014912675e+01
-1.702260422620148006e+01 -8.787526687683002535e+01 -6.099980846303656534e+01 -7.427567411201141567e+01 -8.180777007614523200e+01 4.696635187305659542e+01 -2.301988565221842009e+01 2.969816785817448590e+01 -3.852237230214183938e+01 -9.985841464093410025e+01
-7.005439694273474061e+01 5.816823856284517547e+01 -3.377428925191567544e+01 9.723712359593054089e+01 -9.352655849053516590e+01 1.500559591891601485e+01 -6.761683380408858568e+01 7.160783988653983556e+01 1.559249182047423687e+00 5.936179336607446544e+01
7.610644657129518009e+01 -1.928459261090111454e+01 -9.836924100514821134e+01 -5.607890200939369407e+01 -8.929648204109305709e+01 -3.801375540649254248e+01 1.929180004023179151e+01 -2.806266669926928614e+01 -7.032018051946153037e+01 1.229233036541489810e+01
5.734152999780874893e+01 -1.988196333627428203e+01 2.921668765297749815e+01 4.447676757184319740e+01 -6.252121543315632124e+01 -6.949789477614524458e+01 9.242901389441914262e+01 -7.862708310056399341e+01 1.309948102667522107e+01 2.779803925424087652e+01
-9.130591390908443827e+01 9.621201924766060642e+01 -2.218158921378750392e+01 6.697570988102151546e+01 2.166604901144266648e+01 -5.413981478555904658e+01 -3.981713835448379513e+01 8.313375145293943547e+01 -5.704431751887668867e+01 -8.201502205593524764e+01
4.890525463845378340e+01 -8.138393116009901007e+01 2.071148595754827682e+01 -4.328333669571651399e+01 -1.982765930976341906e+01 6.528677758500739969e+01 -6.964893769738776541e+01 1.617344338763663814e+01 6.448324768908116766e+01 7.119288546018535158e+01
-1.927729666608391312e+01 -6.971271937679821917e+01 4.615680552831807404e+01 3.123097922938734428e+01 -8.252399573518246712e+01 -5.540331147087298547e+01 3.465266936700970746e+01 -5.420048907441348263e+01 -9.648928904201672196e+01 1.149816641355212710e+01
3.053376781126820561e+01 9.298305084602313286e+01 -1.677945474645193258e+01 1.160417170902034911e+01 -9.433073919103507876e+01 -6.817541915892719828e+01 -8.934445477807484792e+01 2.980538068910229299e+01 7.590722020671969972e+01 6.463216650167973398e+01
-9.969445548449115790e+00 4.448954571318532203e+01 7.453804661558518774e+01 -9.463329164686187767e+01 7.210884799481249274e+00 1.293538363084184084e+01 -4.468226526224334805e+01 -3.405643622821760630e+01 9.315319852890254992e+01 -1.914544920929377270e+01
-7.571025747192470590e+01 -2.855825255544137065e+01 4.092106548860107296e+01 -2.262196095572670629e+01 -6.453958542200402348e+01 8.708900824144575381e+01 -2.196144686161700577e+01 8.674545925168516192e+01 -3.590783297583904243e+01 6.819416899890609329e+01
1.663266623348906137e+01 5.849905309394341657e+01 -7.441834756744967194e+01 -5.673742107813042423e+01 -8.481780744503919323e+01 3.368040836766866164e+00 9.253609290267331744e+01 4.534206037394886835e+01 5.614796922936071155e+01 -2.222832013626397440e+01
-5.719021078969441874e+01 -4.543322469472479241e+01 7.163709340164174932e+00 6.413339182128271432e+01 -6.591568143279273784e+01 -7.090529436991261036e+00 4.521580681607153451e+01 5.693115344997542593e+01 1.294268937584138257e+01 7.765529170765987033e+01
9.591246172056969499e+01 -2.294772069619921240e+01 9.260008856830609147e+01 2.290985632352082746e+01 5.312528024514747926e+01 -9.648800974447246404e+01 8.946370867854304265e+01 -9.651918499873218593e+00 1.360114253907282489e+01 8.485743862075560173e+01
-2.637300310439789541e+01 -6.360951790861953015e+01 -3.667556267742317999e+01 1.621452885038226555e+01 -7.669348507367463696e+01 -7.093615528071659071e+01 -2.125214987818011991e+01 -4.757116714105569599e+01 4.598768044931159693e+01 -5.447794100315479682e+01
1.587631881829561564e+01 -3.873124934604503977e+01 8.673806691537649272e+00 9.455355131787456457e+01 -3.310732976879364742e+01 7.340571574424438950e+01 3.894846066945623875e+01 8.726735014793439404e+01 -4.562977710549287735e+01 -4.797585087287870209e+01
3.008797082962405511e+01 -8.445613506850699537e+01 7.803987489168272873e+01 -5.644630521188487648e+01 5.155684362540083043e+01 9.732788107172925152e+01 3.926073090298558554e+01 2.971621327941625168e+01 3.048130561569891483e+01 4.342482508446289557e+01
-9.375279385516830644e+01 6.855696526982265482e+01 -7.981997331691403019e+01 3.083200354781072861e+01 -2.345284178754822335e+01 -5.116235466013803546e+01 -3.530745633104885428e+00 7.574211316276722528e+01 5.106924373262850736e+01 -7.543075746593785880e+00
-7.428443824226067704e+01 -6.588530237262915534e+00 -9.290447527201766320e+01 -1.252957519271448916e+01 6.393624328338117380e+01 -9.522373754513004940e+01 4.544057352856037824e+01 -7.141084326088773082e+01 8.088795494592136492e+01 3.615715550580873128e+00
1.128996171531287018e+01 -7.069922870553068606e+01 9.431645827685829886e+01 7.873649397709201025e+00 -7.589592151588477975e+01 -8.157890416903615005e+01 3.216488064660853752e+01 -5.282819822378485242e+00 -5.885352524378275518e+01 -9.337146878611063983e+01
1.301153803448914914e+01 -7.906776430100811126e+01 4.253413641966281489e+01 6.455808061830046540e+01 -9.845710957741702885e+01 -6.315422061220583316e+01 8.548493557198980852e+01 -6.368167133606677055e+01 7.734125827607630299e+01 7.705229637820758626e+01
-5.864428785970039826e+01 -6.274237607590777799e+01 6.863513034117028155e+01 -5.872274256319069963e+01 -3.591723716497425301e+01 -2.714091089620237085e+01 3.859999450163329016e+00 2.608085333095726810e+01 5.469063812580955641e+01 8.615736596794673119e+01
-6.238202575143709794e+01 3.435568326430458796e+01 3.429233128588225554e+01 4.166792887572984228e+01 6.504210871281316031e+01 8.276968897344227116e+01 2.200453479515275035e+00 -1.237019566932588077e+00 2.774838659366626814e+01 7.876215816935317093e+01
6.147678448731673484e+01 -4.341443848890173740e+01 2.066535554664193342e+01 -7.821972050072405125e+01 5.950499383997086511e+01 -6.576030816761999631e-01 2.615612506579414287e+01 4.710591781523152122e+01 2.605794813085027783e+01 -5.811490045250937442e+01
7.085826964336584410e+01 -1.903205912183116766e+01 1.086918893359012372e+01 8.811858224767433967e+01 2.124356613524123816e+01 1.060929890876511195e+01 -8.284064220595223560e+01 5.514257647155946529e+01 2.911987977387568094e+00 -5.794218834295401166e+01
6.177387733937607095e+00 -4.740729634260725334e+01 4.803608812650654158e+01 2.100229891411669314e+01 -8.913707155518832792e+01 -9.875059223191317415e+01 3.271937710756839124e+01 7.548077663030508688e+01 -7.649829897274982216e+01 -4.237186538342050568e+01
-4.659308400881507595e+01 -7.917495981495088131e+01 -4.914167115879726566e+01 3.222885315881143242e+01 9.614535130010025910e+00 -9.807875804871952141e+01 -6.686827053118986441e+01 -8.540430380727788418e+01 -9.541947492892583682e+01 3.060352267200562437e+01
9.941952004106454410e+01 -5.791211986475315143e+01 -6.184379905304613345e+01 9.560585876054193477e+01 -3.892433698675847609e+01 7.298421379988732838e+01 8.818032470913905740e+00 -4.987573259625002464e+01 -8.137846681116020875e+01 -8.396815214158388585e+01
8.606774266798001349e+01 -9.149497040079093324e+01 3.824972100860350110e+00 3.843696370035601717e+01 -7.517667681612280717e+01 -5.508501796950199036e+00 6.013279548639624750e+01 9.230040961101281027e+01 9.816565038624196404e+01 5.297471895783675677e+01
-9.154821981716665391e+00 7.549483267580083634e+01 -8.225202701202150024e+01 6.472270626617813605e+01 -5.101006643678389452e+01 9.936901115556639752e+01 -3.364244592498096154e+00 -6.796583594380061299e+01 -5.803423238690974273e+01 9.712490677970103548e+01
1.052073309703260406e+01 9.104522327062153408e+01 -6.616614563184364783e+01 8.343521906590453341e+01 -9.466290343767012416e+01 -1.768309498460669715e+01 -1.433089488821737234e+01 1.682254770222198204e+01 4.842809264701557481e+01 -6.602159131204552978e+01
-3.854823560880027600e+01 7.308452092193314797e+01 -8.659748458834728524e+01 -9.841241247305080719e+01 -8.066822093389207282e+01 -8.790004807985860680e+01 -3.200565962995938207e+01 -1.512311259790730844e+01 -7.335857134013745906e+01 5.323620740693201014e+01
-4.992748823409818471e+01 -1.038333454744517326e+00 2.585291999192536139e+01 3.867850462961294511e+01 -4.615951277417222798e+01 -6.040395851894986379e+01 9.296026900657452074e+01 3.115279766270870709e+01 -6.630715794696547505e+01 -2.280010418541328931e+01
-8.292688076689067600e+01 1.122937333381398162e+01 -9.454079277185824992e+01 -7.209852959836553055e+01 5.538719970788358182e+01 -3.223425257628736063e+01 -2.797796466145148031e+01 -1.027792705698000475e+01 -3.793883299397029418e+01 -8.844861931065936744e+01
-9.850554923269385199e+01 -1.526714051986861875e+01 2.728156961912662837e+01 6.763697794926889628e+01 7.103590743654149264e+01 -7.599282953920820205e+01 8.916103097210296369e+01 -4.016454424542767754e+01 -9.298247478862381854e+01 8.042916750228806677e+01
4.610745643165915908e+01 -5.285024582961517581e+01 -8.462166258605414271e+01 -3.399226605543108803e+01 9.201664310376213507e+01 6.594385173338150707e+01 2.728649973324546352e+01 -4.118570791273832299e+01 2.941359048147899102e+01 8.423447070734201247e+01
5.018817298922553505e+01 8.158598676201805233e+00 3.532112735154973393e+01 -1.798743050814482558e+01 -6.429800062126241755e+01 -9.502450241973284051e+01 -1.382786753190465845e+01 7.131235937744611419e+01 -5.673755000473303767e+01 -7.290552390046747178e+01
7.344582030307708465e+01 -9.130990768856619866e+00 1.909124845272687310e+01 -8.612602419878865589e+01 2.826063033043851647e+00 5.743080193799161748e+01 -9.120018688807125784e+01 1.542969894881191806e+01 9.809867024144836023e-01 -6.518485746054211916e+01
2.867633557326641380e+00 -6.603651598960348679e+01 9.108826749629079700e+01 -2.314004013739585730e+01 7.542167885690511753e+01 5.022506123636134134e+01 -3.736521512241974818e+01 6.802301133585214643e+01 -3.929898772366371418e+01 9.027624780324700282e+01
9.114168330079192515e+01 9.752145428462961263e+01 1.649800143734189817e+01 9.040852360746171712e+00 -6.486579431438440224e+01 -5.918058697086938480e+01 -7.668576148347855792e+01 4.545981505221092789e+01 -5.538260779513275622e+01 -8.920753630146521118e+01
3.038540418574953605e+01 -7.731642520506176197e+01 -7.512237298040555800e+01 2.966706636992881840e+00 -1.460160132367479946e+01 -2.285299285501922384e+01 -5.951702811705357021e+01 -4.786602594582154779e+01 -6.541286944548217264e+01 7.424079291179032225e+01
-2.216250147830803030e+01 -9.550511857360916679e+00 -9.108362329837291327e+01 9.443050598595158363e+01 6.212397310239870762e+01 -3.783660705927229628e+01 2.121309206346684562e+01 8.965031576217802467e+01 1.067332787334807165e+01 -6.931521290247161460e+00
-5.210621094116901020e+01 6.179948364008231465e+01 -8.088725082888376505e+01 8.311055519707758776e+01 -3.360314929547682539e+01 -2.424834091539631231e+01 9.789783913581189267e+00 4.661296795372487622e+01 2.353389330131672352e+01 -4.975692153541126572e+01
-6.174658998484017047e+01 8.210357291518198508e+01 3.755812253596133132e+01 -7.202597849207465686e+01 8.806073502475186388e+01 3.517786727121051626e+01 7.353847101034475031e+01 -5.340790451340080836e+01 -1.935846779751540225e+01 8.267501624059008236e-01
3.616214556379958367e+01 -8.582455133238933342e+01 -3.019978465682964952e+01 9.189020817964905063e+01 4.590401976295768804e+01 7.049346980115919337e+01 9.459217547682092686e+01 -4.155289712701648597e+01 5.766051685073173871e+01 -7.734547446574065077e+01
8.560193597140198563e+00 4.633646184872111462e+01 7.549371038674820511e+01 8.194554141824909266e+01 3.588560894486550978e+01 7.378785136592065896e+01 -4.903283402411096148e+01 -3.732297370537789050e+01 -3.508036298342463510e+01 -8.773010941515993011e+01
7.967246622516060484e+01 5.402324770419019728e+01 -6.766184540434508676e+01 9.653738317931242818e+01 8.668058819095529088e+01 -2.886002839460776670e+01 -8.995805195105519658e+01 4.892265759943052217e+01 -3.066524158276205014e+01 -1.269646799861146746e+01
8.673166644790987334e+01 -2.222077140378073068e+01 -9.017322293514456533e+01 7.980098138195870661e+01 4.186494843172926039e+01 -6.651135815339605983e+01 -5.626485954306617288e+01 -1.495726443739830813e+01 -6.811972351270732418e+01 -9.969458779724355679e+01
3.944134653669388513e+01 -1.032999408461283508e+01 -8.351987861094431764e+01 -2.208338844028303072e+01 9.213620499914782158e+01 7.116158971885138840e+01 -1.767027577146026829e+01 -3.593816198717698285e+01 -8.784662940853742441e+01 4.949932915257508625e+01
-2.766846099132934000e+00 -3.753198192159061364e+00 6.169436412856035190e+01 3.883826179993673122e+01 3.963747693273532491e+01 -1.077039784482836637e+01 -7.545779471747731293e+01 -7.020258336566105584e+01 9.529012929729634607e+01 -4.942302543571519635e+01
3.555188002592629459e+01 3.025107146869274288e+01 8.755595427026835864e+01 2.763681862556973101e+01 5.793558161822755892e+01 3.837067033103892300e+01 -8.318073784315167529e+01 4.186066226238150989e+01 -4.359071369264684392e+01 7.001176071886439445e+01
-1.995891035442190287e+01 2.954889108998060010e+01 -6.953720353754444261e+01 -7.122486244189975935e+01 -3.794457467781806770e+01 -2.243076245442023264e+01 4.777809033953639073e+01 -9.115169625681996024e+01 -8.775580299093859082e+01 -2.410142218459867536e+01
3.197881605050855569e+01 -6.026157631395933834e+01 1.235175811461726880e+01 -1.637419681952871997e+01 4.557555357067482760e+01 -8.571766468784389303e+01 4.884112346762435664e+01 -5.036181976738549793e+01 6.542274182906228930e+01 1.424364946897833306e+01
-3.152265789416388486e+01 -7.582729556972770979e+01 -4.078458529154303136e+01 -3.839760669682517147e+01 -7.400951972491185415e+01 9.062932785707354810e+01 5.737800256528123555e+01 -4.162620461579482622e+01 3.135954419868050991e+01 -7.202727942239576464e+00
2.238138736158448694e+01 7.191109323765866179e+01 -3.357961409964499921e+01 2.636601251387156708e+01 -6.832023564677677996e+01 7.631936045990767070e+01 -4.959731448887993821e+01 2.433450149469913981e+01 -5.997930519987826159e+01 -6.648157170147810291e+01
5.619696386539717992e+01 -5.319789727666282175e+01 2.913086985672600804e+01 -4.587033888114257962e+01 9.061091398126876584e+01 3.258749609608412356e+01 -2.022145760679707394e+01 -5.491453269151995897e+01 1.866860115361478734e+01 -7.473912678443500113e+01
-6.057641941140417430e+00 -3.763227839873506753e+01 -2.007841464849586544e+01 -5.852994121323713728e+01 4.143098045875285607e+01 3.026576467580682106e+00 2.080276163967820935e+01 1.679367278594858703e+01 -3.354402754154668287e+01 -6.052056819520144160e+01
-8.441003991826980268e+01 7.202296588121720333e+01 -5.180446831292855592e+01 -8.875215851567379843e+01 9.465613576175834964e+01 1.246414374598658981e+01 3.963609289719772732e+01 -1.115013638638573923e+01 -8.605711381415000005e+01 3.323290178594501754e+01
-8.938321566369846494e+01 -7.907577428724481194e+01 -7.622516840005388872e+00 -6.970965249121351803e+01 3.376141258764312170e+01 3.492760053840169121e+01 -6.493915964976248745e+01 -5.268998569777405550e+01 7.295664593684588795e+01 7.885156257011098546e+01
7.585803574141073113e+01 -2.235083222648964352e+01 -1.539531062655723304e+01 -8.055807861105662937e+00 -2.004561784382394762e+01 -4.126577430952387004e+01 8.515537564168505469e+01 -7.478923975073621477e+01 5.762246205816308020e+01 -2.549043859937356160e+00
-3.207377505925495598e+01 8.434150025453388366e+01 8.705024087945446354e+01 6.883595258134997152e+01 3.735825759493340570e+01 -4.069420404222721288e+01 -7.218288456701007760e+01 4.487634226845091234e+01 -1.965785440057734945e+01 1.819645804565513458e+01
-7.267334788278139968e+01 -6.005191101237319629e+01 -1.378405866026710669e+00 -2.779719890832946305e+01 6.823766037056785194e+01 -4.510411057175378602e+01 -6.817467361261601866e+01 2.710489107404205811e+01 1.512572919886079603e+01 -7.756924930614806613e+01
