9.865017296497774169e+01 9.890323678116669726e+01 9.936192522368274638e+01 9.940443322757552380e+01 9.875255247801726455e+01 9.966449703800849136e+01 9.858208064449628694e+01 9.892764783763115588e+01 9.922968089824067306e+01 9.886292222766080329e+01
9.834256423736120212e+01 9.888061829217157594e+01 9.921095044440805566e+01 9.928938493241977881e+01 9.876164055161683564e+01 9.942945573064679365e+01 9.861933168238671499e+01 9.894698923627120735e+01 9.929523048719120482e+01 9.898054002221330450e+01
9.837639788924290940e+01 9.888181235594744578e+01 9.941817238280853530e+01 9.930669850930598841e+01 9.882471860570962008e+01 9.946075927020844176e+01 9.839063563824463188e+01 9.923829325708751981e+01 9.935532223228707949e+01 9.910672369841580576e+01
9.836573611302118536e+01 9.880501805998616760e+01 9.953802489842401258e+01 9.915574826623448246e+01 9.883029300767353220e+01 9.939071627585542501e+01 9.859320599033708277e+01 9.890872240282803318e+01 9.921923051885647737e+01 9.899279835713625175e+01
9.856464404262658263e+01 9.909882239780024804e+01 9.948996439801413771e+01 9.915207962839849642e+01 9.856392468972789800e+01 9.933789557184789487e+01 9.868421405818098435e+01 9.904865120820724655e+01 9.907665555997414231e+01 9.896987767745793008e+01
9.859174490106383359e+01 9.896539759596031161e+01 9.944851316801560870e+01 9.906223655881667867e+01 9.890384775946274942e+01 9.950801020751379156e+01 9.855449203530110935e+01 9.897945272629101510e+01 9.928325274840871373e+01 9.891006191618825483e+01
9.846912202979463302e+01 9.896316481235349727e+01 9.938380816709722865e+01 9.920338183347837457e+01 9.874816575759430748e+01 9.937632495974021651e+01 9.860145224864898239e+01 9.904588598792798848e+01 9.919277092425069497e+01 9.922724301692039717e+01
9.839476988043207939e+01 9.887329662408836839e+01 9.939839962626301428e+01 9.928045392368566979e+01 9.887790258762780127e+01 9.941453737504993171e+01 9.852105711852000525e+01 9.887183025221344224e+01 9.915342440996150231e+01 9.900952625465991730e+01
9.846799751920329413e+01 9.881453755594239396e+01 9.929463820300736643e+01 9.941310865501201022e+01 9.874777039568560610e+01 9.931612376936044484e+01 9.828977627380099591e+01 9.913385329405312518e+01 9.932853845654368286e+01 9.895954734427517963e+01
9.845210116387167432e+01 9.896334362390109618e+01 9.950207577126822400e+01 9.944422646575441149e+01 9.885493015780302528e+01 9.937969516250169022e+01 9.858724400651068720e+01 9.912764737549555605e+01 9.913139956046205725e+01 9.902148758886460200e+01
9.855169695368545035e+01 9.882665700271155629e+01 9.945310938101577847e+01 9.934041998679400365e+01 9.903768546425145303e+01 9.927222294260330671e+01 9.865005640134756959e+01 9.925537507417080008e+01 9.931529198950015314e+01 9.883929407828020430e+01
9.854794603470840286e+01 9.910167569813258126e+01 9.928888010177840329e+01 9.930899462470691219e+01 9.876502869623003278e+01 9.949409911087235514e+01 9.848731636591263339e+01 9.892767617890486065e+01 9.933290896574344231e+01 9.882209434749739785e+01
9.848811632492915180e+01 9.905081922045573606e+01 9.934267703828538743e+01 9.915913446004618947e+01 9.885318707589958365e+01 9.939391422731871728e+01 9.854010643375731604e+01 9.891216454740184361e+01 9.938266015332222025e+01 9.898390450883285041e+01
9.853700749103695955e+01 9.894724247451343047e+01 9.928912419553253699e+01 9.919143489591380103e+01 9.892858572791496385e+01 9.951040847599284689e+01 9.866716573034858584e+01 9.890950974251087757e+01 9.919988501402258407e+01 9.899412168226655240e+01
9.853867071125162624e+01 9.886685333904543427e+01 9.946745776036939901e+01 9.910031673192204948e+01 9.878893894669795372e+01 9.950871445317103792e+01 9.863599943393117542e+01 9.894545582485393709e+01 9.916720703938919712e+01 9.909981244680261625e+01
9.842772475624011008e+01 9.892375656357268099e+01 9.942056923501830568e+01 9.914498845135427985e+01 9.889407598234673458e+01 9.935799334682108963e+01 9.852546845638508444e+01 9.906089840684708747e+01 9.918094097888776162e+01 9.879113511291721750e+01
9.852358902885082159e+01 9.894791748929550579e+01 9.947989534288348068e+01 9.946769455150055705e+01 9.895153850985127519e+01 9.945310164576527256e+01 9.843889000568977110e+01 9.900667532267385695e+01 9.904998028400861187e+01 9.902513810198607302e+01
9.839007930007124969e+01 9.889347674523303056e+01 9.937774779734709796e+01 9.941657010656102500e+01 9.899207228843846451e+01 9.947195489805359614e+01 9.854329624384999420e+01 9.905474517755318686e+01 9.934692580851378807e+01 9.899665249652564114e+01
9.856604358643069475e+01 9.875492892731014649e+01 9.929464648584905717e+01 9.930356139113489178e+01 9.859844178779651713e+01 9.931671152628140931e+01 9.840844876665222785e+01 9.886320194698645025e+01 9.925815955011812264e+01 9.888913002184550294e+01
9.856836065116546308e+01 9.884413142674796404e+01 9.932128396130784154e+01 9.935005703543424715e+01 9.887197036761844515e+01 9.936917075088548756e+01 9.859378359590691332e+01 9.906974983312817074e+01 9.909319433223208762e+01 9.895147955279605867e+01
9.854126169954963643e+01 9.879777137661412212e+01 9.933310977413259479e+01 9.922589291441698833e+01 9.893192098249949140e+01 9.939757430517914827e+01 9.854794599918685094e+01 9.890298734522247059e+01 9.924326394475727398e+01 9.899600397038321375e+01
9.856952524044899633e+01 9.904393232150378878e+01 9.936410283271527533e+01 9.922936561209390049e+01 9.883425026960320281e+01 9.942337050072589477e+01 9.843423677498637403e+01 9.925514087214244796e+01 9.929815729979436867e+01 9.908552063200916393e+01
9.862743141275444714e+01 9.891902649366024036e+01 9.950982822568271047e+01 9.927944273891949933e+01 9.891269589554397612e+01 9.955162845356836954e+01 9.862890055579730131e+01 9.909542218213965725e+01 9.929500914363468667e+01 9.897077347895474020e+01
9.851788602196938882e+01 9.891546144053975809e+01 9.914816015767571855e+01 9.920947234404999904e+01 9.879599572147198216e+01 9.932566837352740663e+01 9.859026310766898860e+01 9.893417428999441654e+01 9.910844040100469954e+01 9.913987403535695364e+01
9.844990900026260761e+01 9.882245827864933574e+01 9.961536940843780030e+01 9.930927026729258955e+01 9.888627790059069866e+01 9.953138626957473889e+01 9.844387625116770835e+01 9.893063989324983254e+01 9.924610661751032126e+01 9.878023246741329899e+01
9.855487024079960179e+01 9.858785283117897791e+01 9.955813156640800798e+01 9.920218635465386114e+01 9.903418518150692762e+01 9.933158925598566213e+01 9.855684672760702369e+01 9.914936271698097414e+01 9.918757633879731372e+01 9.891602543418660787e+01
9.861163653002776641e+01 9.890551961827520699e+01 9.936632310758409403e+01 9.921509702430030586e+01 9.871969026287739268e+01 9.959133290072527700e+01 9.850728432770831944e+01 9.899919930866312257e+01 9.928508777579203581e+01 9.885962544754579540e+01
9.849013301087417460e+01 9.884547697269034927e+01 9.937163397443021040e+01 9.922788690033200965e+01 9.877961002320742523e+01 9.955073274971584851e+01 9.861291625873795397e+01 9.908322477660388472e+01 9.933758981108333330e+01 9.886835900363838903e+01
9.851997816614024828e+01 9.886584796112261131e+01 9.934093525440846406e+01 9.933255221862057738e+01 9.873129341059804176e+01 9.936776193341137287e+01 9.851444750556613883e+01 9.909562217072414114e+01 9.898351512254613738e+01 9.905477169848452945e+01
9.847354043363101539e+01 9.894319258825976249e+01 9.937109416054553890e+01 9.923654435841751820e+01 9.870449584057087122e+01 9.947870861807555798e+01 9.859935740738444565e+01 9.889374473658492093e+01 9.932241062663786124e+01 9.905759232906470402e+01
9.852632985029812573e+01 9.873691303153772481e+01 9.952674717424916651e+01 9.943532745984769861e+01 9.879406603630785355e+01 9.941290305474159084e+01 9.837214939859003948e+01 9.911476172573772203e+01 9.926196858331550743e+01 9.882349493260059603e+01
9.846043446487024653e+01 9.886269443368837528e+01 9.930991691299317381e+01 9.931158588560670353e+01 9.869279930873122453e+01 9.956880192607246727e+01 9.849260937283641226e+01 9.907940634970272242e+01 9.925228562379646746e+01 9.911325174953853434e+01
9.866193002499298359e+01 9.895611532657227372e+01 9.928674530423198519e+01 9.936312263419411295e+01 9.876360976814588355e+01 9.937792847485988545e+01 9.857768564220189944e+01 9.903830218717429545e+01 9.935870784090192842e+01 9.900029878786448023e+01
9.836337807040585801e+01 9.891262357136125161e+01 9.950669350667484991e+01 9.943416972701575673e+01 9.879558329587413823e+01 9.954953460699017853e+01 9.848277680690466696e+01 9.907890404755882230e+01 9.943368829608502324e+01 9.909282111225019207e+01
9.844661510906726676e+01 9.887188622716459463e+01 9.935732130863499378e+01 9.935771688944652169e+01 9.867730397652947261e+01 9.940647155366218612e+01 9.866183914648308928e+01 9.900226834432402256e+01 9.915851710118842277e+01 9.917152331940927468e+01
9.856670650746578133e+01 9.893477982364768764e+01 9.945489200889853976e+01 9.949171170164336786e+01 9.887291666849637295e+01 9.930415759208844406e+01 9.874172465384927477e+01 9.906150545811256336e+01 9.911511537874351063e+01 9.897209145845074829e+01
9.875716304563836445e+01 9.896506503431845658e+01 9.927660124432047439e+01 9.918402725852733681e+01 9.880716925705060305e+01 9.939509809551407216e+01 9.866412868012045578e+01 9.917710579723964770e+01 9.924700284541762585e+01 9.895752924555227992e+01
9.860998974752379809e+01 9.896992538659989691e+01 9.948706595740593173e+01 9.933093447443839352e+01 9.860382571189275325e+01 9.938969718889887872e+01 9.850952282286476702e+01 9.901753845767528617e+01 9.945756191787741329e+01 9.886824541994208460e+01
9.844764308424545618e+01 9.878940442959483903e+01 9.940875358549577356e+01 9.929554597496591839e+01 9.868100209039876347e+01 9.951473623917995326e+01 9.853901432937685456e+01 9.884893904411875099e+01 9.928989817082516822e+01 9.912355770628927587e+01
9.843294009759554797e+01 9.897532474037979000e+01 9.932755754125167869e+01 9.915145085860771701e+01 9.868834683439001765e+01 9.936196493469054758e+01 9.858905607695035656e+01 9.930726053699395095e+01 9.917933681661186540e+01 9.905049183235107080e+01
9.849648649715091153e+01 9.896461192911519333e+01 9.943100524558427367e+01 9.947120471008354059e+01 9.875244225893588634e+01 9.932621306826763430e+01 9.855505399984012627e+01 9.911383629532303985e+01 9.922971822905613237e+01 9.882379451348904809e+01
9.842782189440310958e+01 9.893668266306623593e+01 9.929223569483981748e+01 9.927066280149830391e+01 9.888330358270854958e+01 9.946018010599051706e+01 9.860426532982286574e+01 9.904754679383178484e+01 9.939624772126818186e+01 9.895358342575848098e+01
9.854482667511382488e+01 9.885924124942447122e+01 9.939012899739076090e+01 9.922986444516213567e+01 9.877931935009573294e+01 9.919494706564438502e+01 9.851112510748367868e+01 9.906334707869534384e+01 9.919651229458816033e+01 9.892549046785764233e+01
9.858269660409553126e+01 9.898908672028015587e+01 9.938379453078914594e+01 9.940696999920412225e+01 9.889901068718893384e+01 9.944247742280971636e+01 9.840029803589234803e+01 9.911306223141572502e+01 9.896958335717194188e+01 9.880000422253438330e+01
9.851399820332615320e+01 9.890391530525421615e+01 9.922927824486181692e+01 9.928029090604526630e+01 9.892911819122588213e+01 9.953284769012293509e+01 9.852150841716745333e+01 9.926332043009317374e+01 9.927005879956874423e+01 9.888356096529395245e+01
9.846557111839001664e+01 9.902848225531776905e+01 9.923885839895815764e+01 9.938941331661584400e+01 9.880620043154422660e+01 9.951011097406927775e+01 9.846184427835491704e+01 9.903651747499925762e+01 9.914867064595775048e+01 9.891756258098354238e+01
9.855114176618347699e+01 9.899594770071875871e+01 9.931544203556680372e+01 9.927375485595582916e+01 9.879215814025403120e+01 9.937192547223675376e+01 9.861015337992130014e+01 9.904616847020811576e+01 9.918667283400178292e+01 9.897025754513673235e+01
9.850493660239601468e+01 9.889673153518344861e+01 9.929334126667274063e+01 9.939167324240932544e+01 9.889686021017874396e+01 9.942457688514558356e+01 9.859880851214474262e+01 9.906796808295382561e+01 9.914278313305219115e+01 9.912829610720608287e+01
9.836991018151371691e+01 9.882908103060420046e+01 9.936913507842912452e+01 9.924554588067907446e+01 9.876029227649303266e+01 9.946761190584113876e+01 9.859212708698541405e+01 9.904643483323138753e+01 9.916906480064713492e+01 9.889427602871543854e+01
9.863149777036669263e+01 9.887726900682851294e+01 9.954588515712933372e+01 9.926226081961010550e+01 9.869391107691888010e+01 9.942087061105455348e+01 9.842898492874732597e+01 9.894351770438831295e+01 9.926977829535620401e+01 9.896366937119499596e+01
9.871932675980171723e+01 9.900469134084171685e+01 9.932109776227017051e+01 9.915101929691712712e+01 9.871069729980020213e+01 9.938991525235664426e+01 9.860215660425464534e+01 9.919508221648796109e+01 9.927855846011470931e+01 9.884905767515422781e+01
9.848742394080450424e+01 9.892723617083997567e+01 9.953010709150963464e+01 9.933581008884365815e+01 9.883905722422952067e+01 9.940186200277440776e+01 9.847888132070173128e+01 9.875597453495261391e+01 9.929051537863682597e+01 9.905477716839369862e+01
9.847045532051605221e+01 9.899244749010898659e+01 9.935223901949422043e+01 9.932632351020970418e+01 9.876189706467805252e+01 9.921947699445176738e+01 9.856952008651785491e+01 9.895516695300784704e+01 9.917557447721648600e+01 9.898037293294321159e+01
9.852982499437000286e+01 9.885044781369182942e+01 9.929912458493933514e+01 9.939633599411851606e+01 9.887498625603360836e+01 9.945852585593941342e+01 9.856527033720934128e+01 9.899025279145502054e+01 9.904139276104680789e+01 9.897558549922004545e+01
9.863789640599044617e+01 9.888582307943279659e+01 9.937107763127595206e+01 9.941173849103496707e+01 9.893596385946163707e+01 9.939969570989930503e+01 9.846545224592885859e+01 9.908875505549904972e+01 9.928300743030932551e+01 9.889857235414037007e+01
9.873166276320269219e+01 9.878416837123559446e+01 9.958500595046584181e+01 9.941729726904567599e+01 9.881807063484015430e+01 9.947395937155616252e+01 9.846475241713578441e+01 9.903860698128674755e+01 9.928560140263232370e+01 9.892597841199456354e+01
9.855033592101979423e+01 9.880228543365626592e+01 9.939122152945972744e+01 9.934680321512070122e+01 9.877789174811319128e+01 9.936407033709294012e+01 9.857918779022845968e+01 9.895250118644983672e+01 9.928719029390408934e+01 9.890700899156971104e+01
9.849084161754008448e+01 9.906425931096875104e+01 9.931108913189804355e+01 9.932571260260934309e+01 9.884714007312108208e+01 9.928001295245948654e+01 9.833485848202201396e+01 9.927092091858423828e+01 9.945230794691396170e+01 9.898938105951098976e+01
9.860092481390996966e+01 9.889066580476873014e+01 9.930766632040011643e+01 9.939845029295946688e+01 9.863514815822125570e+01 9.938404501579366013e+01 9.849995110325100711e+01 9.889289287588901800e+01 9.915083622550127984e+01 9.886649945740524004e+01
9.851411862989715473e+01 9.898093823604826014e+01 9.936441342714422831e+01 9.942719542594929294e+01 9.861272588349378054e+01 9.950931174589466366e+01 9.834378912714014120e+01 9.913209945036955162e+01 9.922132306083587139e+01 9.909413198998605310e+01
9.858578168788905316e+01 9.892846253762337483e+01 9.935773946965605319e+01 9.941036554338808173e+01 9.868797054335539087e+01 9.930562461255961182e+01 9.847060143694709211e+01 9.912511202140429134e+01 9.901921953152181288e+01 9.898632161669637242e+01
9.849943294836094765e+01 9.892801458604104425e+01 9.912716637646380491e+01 9.926282586363910809e+01 9.875591351738583512e+01 9.948799353878662544e+01 9.867617858807737719e+01 9.905370438064581151e+01 9.922654688708398396e+01 9.916927115332516962e+01
9.859410413377570137e+01 9.892006235010896376e+01 9.935243121287562929e+01 9.943549106509264845e+01 9.882555182712280839e+01 9.924201170303301467e+01 9.863270413125079017e+01 9.909047914410544422e+01 9.930130249334679604e+01 9.910065884427278604e+01
9.858649395124837156e+01 9.885617057675622732e+01 9.947846884708243920e+01 9.927877331210657985e+01 9.882038474079286061e+01 9.931940188195375185e+01 9.868824069372489305e+01 9.904045306703385165e+01 9.919246002789104466e+01 9.871656166212409289e+01
9.860554559221188242e+01 9.893563295765909515e+01 9.948109873092613498e+01 9.932637692247057259e+01 9.868648012013612458e+01 9.912921707769642410e+01 9.849046129566430352e+01 9.910643786527072052e+01 9.913145913117945440e+01 9.889160174231548694e+01
9.839142960247384906e+01 9.901496609437096197e+01 9.937206984504415175e+01 9.924237630627851559e+01 9.874775180912405403e+01 9.947755406756419916e+01 9.865688257568660902e+01 9.904324210395250816e+01 9.924448465443332168e+01 9.902503769326237659e+01
9.857297431232666440e+01 9.898215068989662768e+01 9.939347925602177725e+01 9.937994116515031351e+01 9.895333763346530986e+01 9.938609748253341536e+01 9.881926066945840148e+01 9.897811962168960065e+01 9.924164776036214164e+01 9.903558796293924615e+01
9.846227328766751441e+01 9.894943827814110193e+01 9.925926268031714983e+01 9.932444431718784017e+01 9.886269551404218703e+01 9.961012971818416872e+01 9.844204733544010821e+01 9.898581147638741129e+01 9.944882424479142458e+01 9.879237463938378028e+01
9.835073849727221784e+01 9.898793098877882812e+01 9.937257163579279506e+01 9.915027355526117958e+01 9.882981019383188936e+01 9.933896385053419920e+01 9.845979112902072927e+01 9.916348825727467897e+01 9.908178503010255156e+01 9.894551504833799527e+01
9.835797169814770768e+01 9.888819674724609854e+01 9.944201060259659641e+01 9.935093868567976472e+01 9.910495054285779304e+01 9.946240953298055842e+01 9.846551403125103263e+01 9.901203656650179141e+01 9.917186415750853712e+01 9.886747513668318277e+01
9.844894005280369242e+01 9.890049296367841691e+01 9.947580580462279443e+01 9.909857483450977611e+01 9.866937270193814413e+01 9.942849504692931362e+01 9.844890359080855546e+01 9.905478609357851383e+01 9.925898027085975173e+01 9.903570742768232549e+01
9.846431010919738469e+01 9.902075894720051963e+01 9.936291175813890675e+01 9.933352479647901134e+01 9.896787264439480225e+01 9.950263279139237227e+01 9.856625972113776868e+01 9.906530399746179683e+01 9.923244779887647837e+01 9.893001092101081895e+01
9.864381972717734470e+01 9.881568965118061953e+01 9.926140885655892987e+01 9.913443992758713819e+01 9.887902612532953128e+01 9.951844380244607180e+01 9.875304370071035009e+01 9.889573778896276224e+01 9.914645855732017310e+01 9.884299740279740831e+01
9.859272096621299397e+01 9.892101449707699601e+01 9.925273010140948315e+01 9.932746770258269464e+01 9.891477373363041181e+01 9.932638114307596311e+01 9.867340740792651843e+01 9.923771601392026298e+01 9.931642698896548893e+01 9.908966846118913452e+01
9.855950477201787407e+01 9.900634292536356895e+01 9.940124330511092410e+01 9.919948744526114126e+01 9.870801731221696684e+01 9.963051569901921312e+01 9.844831127696360795e+01 9.898407187952132347e+01 9.926633256105186831e+01 9.906208189023679722e+01
9.868888163075150999e+01 9.893941020360126970e+01 9.940729305244776981e+01 9.948820391623968362e+01 9.902306703840297075e+01 9.965653781350033569e+01 9.842926478702311499e+01 9.888009214532905844e+01 9.924855052129035471e+01 9.883387608283423731e+01
9.832415112371951693e+01 9.895903435360492040e+01 9.947113300273439052e+01 9.931898733263298595e+01 9.886805184587669260e+01 9.935777176841992286e+01 9.862701619411268439e+01 9.896790357764757573e+01 9.921637900842370072e+01 9.876750667824849472e+01
9.848122245587363466e+01 9.893654546031316954e+01 9.929337690449663967e+01 9.921880401108501246e+01 9.886627954637921789e+01 9.944597044907978045e+01 9.840105002117113031e+01 9.905104080190666593e+01 9.916161883423893642e+01 9.897615810215624776e+01
9.857271171989656011e+01 9.891077841014080718e+01 9.951656567555133392e+01 9.947146259587236727e+01 9.899702459285654754e+01 9.929611270394187272e+01 9.858871622111669808e+01 9.895624883562943808e+01 9.903421213095018061e+01 9.902823684877184007e+01
9.847349956012894268e+01 9.894587632159705493e+01 9.954168202818271993e+01 9.924314887590496426e+01 9.874850154549862680e+01 9.943810601939291871e+01 9.852315210515767774e+01 9.910469635558827406e+01 9.922984640295499048e+01 9.894217202330811745e+01
9.850780845745002523e+01 9.909034887270431113e+01 9.934554634006647689e+01 9.919280389225737338e+01 9.867358406027072704e+01 9.926756784259863764e+01 9.859013031163848950e+01 9.905433915643347120e+01 9.945876775460294539e+01 9.911494314331893918e+01
9.860026444548311986e+01 9.900492493863590937e+01 9.924167261897113690e+01 9.934505234169812127e+01 9.888247939283172627e+01 9.939710823324878675e+01 9.842694486161556711e+01 9.906348260979675047e+01 9.925805590778233523e+01 9.885507119202260640e+01
9.832369807157930097e+01 9.885769247593873388e+01 9.930821848773504712e+01 9.934216426372132958e+01 9.881668980658459134e+01 9.937980965563872360e+01 9.858617579523905761e+01 9.905564001389322470e+01 9.919147702868059469e+01 9.893193939724940833e+01
9.861238771659716917e+01 9.878182504145918585e+01 9.943477745432782910e+01 9.928735666439186502e+01 9.886588894900327773e+01 9.946931439984957990e+01 9.859320561527613336e+01 9.900459422966895318e+01 9.925355680649261103e+01 9.878969794114726710e+01
9.852674250547183021e+01 9.881149429681903484e+01 9.940062442034148660e+01 9.942046505511777355e+01 9.884814881106595408e+01 9.931643697746432053e+01 9.853697911621091521e+01 9.895088069265183606e+01 9.935947203845536535e+01 9.907531097890633021e+01
9.854462534228484571e+01 9.877689546268437937e+01 9.937343775746880681e+01 9.936480509926782645e+01 9.866836807017008937e+01 9.940889222964511873e+01 9.848822919437249368e+01 9.903880117950158990e+01 9.900792188270055760e+01 9.900399322665330715e+01
9.853116196170904573e+01 9.901210979766538856e+01 9.930534308468914162e+01 9.928767574608750124e+01 9.862367911098408513e+01 9.936438419749651985e+01 9.847073001259499847e+01 9.890500152274087498e+01 9.920453130661998387e+01 9.896947250189995771e+01
9.854654205432035496e+01 9.877502222549621536e+01 9.943508853433503702e+01 9.942669413056148642e+01 9.891885191798765220e+01 9.937370860934787231e+01 9.857045596329642478e+01 9.901928607716962460e+01 9.913703470197214074e+01 9.906537039089664631e+01
9.863220263300513579e+01 9.881903225144714042e+01 9.941429510643240519e+01 9.922394429898758972e+01 9.872084609489660068e+01 9.934138692957733952e+01 9.847998145988563579e+01 9.903702304811504575e+01 9.920654552412894134e+01 9.901409846477574206e+01
9.840516193438413950e+01 9.898344460350186580e+01 9.957175495574948343e+01 9.919888615470111404e+01 9.886339985796979590e+01 9.949805286149111794e+01 9.857966062972444377e+01 9.922332278134656747e+01 9.936221971418643761e+01 9.905719097130874218e+01
9.851504766700837479e+01 9.896603792462404670e+01 9.929184190038287738e+01 9.928504772768701514e+01 9.893751904820885557e+01 9.939006516250351808e+01 9.854550264503245671e+01 9.901706725260824271e+01 9.916296050497217607e+01 9.893543406379502869e+01
9.867898925578860769e+01 9.877301416104015175e+01 9.932417797792534486e+01 9.947740388811338619e+01 9.883189626010219797e+01 9.952674764546746644e+01 9.848546654467573092e+01 9.887938615467308523e+01 9.943951743020188871e+01 9.911035116246134180e+01
9.851923232427405708e+01 9.878999235883890151e+01 9.933645415289294078e+01 9.930885852838238748e+01 9.883727320456019072e+01 9.937939521235828977e+01 9.841521760488123505e+01 9.908724761658793057e+01 9.925486547662994496e+01 9.898058607262032638e+01
9.845683447548165645e+01 9.876708000148262556e+01 9.951292137341907562e+01 9.937265564188929545e+01 9.877358954205138275e+01 9.937100077048260971e+01 9.848158568540458191e+01 9.895576642503282017e+01 9.912664403952094005e+01 9.891332065911993254e+01
9.852876628845693574e+01 9.880174066212060779e+01 9.925594993790632259e+01 9.908496757840983094e+01 9.892679307477295936e+01 9.931206991544166840e+01 9.855410951437944789e+01 9.907359154404035451e+01 9.914879256153329834e+01 9.893261095298740315e+01
9.841508484718539762e+01 9.894275047844072901e+01 9.926443882634933402e+01 9.920622528733774459e+01 9.874910768820488727e+01 9.940467582694061832e+01 9.837866023080208322e+01 9.916787757002495596e+01 9.936188157998930137e+01 9.902292075102273827e+01
9.854795854472965289e+01 9.881188572377551793e+01 9.935331374847064012e+01 9.937685324078358917e+01 9.876310952919521924e+01 9.939336257221007997e+01 9.840070273716072791e+01 9.907162501830468671e+01 9.917429351172052066e+01 9.905225807068747201e+01
9.867817267715722096e+01 9.882055256434290413e+01 9.947521192544859048e+01 9.917694629187658961e+01 9.883424537194316883e+01 9.922748806936125732e+01 9.850439629242973183e+01 9.920953363230039201e+01 9.911746687977597503e+01 9.899819123809048449e+01
9.850068383043488041e+01 9.890945038222452013e+01 9.937329004123044740e+01 9.909470567823075271e+01 9.886944029710737425e+01 9.940844906204104348e+01 9.852530674736668459e+01 9.906527957791861638e+01 9.909591382750576827e+01 9.903804451547290455e+01
9.855397454718065831e+01 9.881217469333196846e+01 9.925103729544355247e+01 9.925102381343948821e+01 9.883559873373654625e+01 9.934553057628069439e+01 9.862095930299646795e+01 9.923280698373821451e+01 9.924835094900060994e+01 9.895266223915383819e+01
9.849259166034191537e+01 9.880757039512597828e+01 9.938709218290111380e+01 9.928717943805371249e+01 9.857258316110562646e+01 9.960970411555690873e+01 9.850650659252936236e+01 9.911527387239104314e+01 9.920143025402683179e+01 9.877926885660295397e+01
9.851214246084538217e+01 9.886010095998072700e+01 9.931742085379895002e+01 9.944175764127840011e+01 9.868577856255133440e+01 9.926777358904750770e+01 9.855407976454567631e+01 9.905059206918963355e+01 9.932022147576364546e+01 9.879551844788849735e+01
9.871304511016494132e+01 9.897134671388164406e+01 9.946248899070045013e+01 9.938226231147690726e+01 9.879483511796659911e+01 9.938174793131439344e+01 9.836341109890446432e+01 9.906771511615382053e+01 9.913400405530479986e+01 9.869470038640126575e+01
9.846038716562708260e+01 9.898405487945289849e+01 9.925673478763702917e+01 9.922142699023623891e+01 9.877071146953232983e+01 9.938207054381388161e+01 9.862208555088673734e+01 9.912310394381077572e+01 9.929002133042801859e+01 9.886170300387104248e+01
9.843193552871873919e+01 9.903701144863750017e+01 9.947470023583312582e+01 9.913052894881136012e+01 9.884455722474552886e+01 9.943811971442607955e+01 9.865167945896131130e+01 9.911620215230023234e+01 9.914803770694989282e+01 9.882519527201974086e+01
9.831359198191421456e+01 9.865291093516682963e+01 9.960746207813022579e+01 9.915490664281641386e+01 9.874608733664098281e+01 9.940689076529437784e+01 9.857132194959604021e+01 9.891384015977973831e+01 9.926876776821747228e+01 9.891590648981043898e+01
9.855066413611102405e+01 9.898621445345089853e+01 9.958215297722263415e+01 9.914081523433090126e+01 9.893300226510574191e+01 9.941739849350770442e+01 9.845361782674088147e+01 9.897117134951669470e+01 9.927522369670177227e+01 9.907792707278449029e+01
9.855694259152689085e+01 9.885918461883181863e+01 9.936117561603461468e+01 9.927536724218100517e+01 9.877385466671509562e+01 9.932986944126672313e+01 9.860080253316573362e+01 9.895922439501067913e+01 9.922016953888427793e+01 9.891549404457023797e+01
9.844579409823367655e+01 9.875276803861540031e+01 9.928753104861613110e+01 9.925389525902610899e+01 9.898255391541782444e+01 9.948649508002682751e+01 9.854541520935816834e+01 9.882945581772345633e+01 9.944039273362892573e+01 9.900711432794875577e+01
9.858013677992582302e+01 9.899641593577412380e+01 9.936749262924115556e+01 9.924559823765353883e+01 9.892710757460005766e+01 9.938654076962846773e+01 9.853249940387425454e+01 9.905487685040192503e+01 9.930920845625911397e+01 9.888982783776258145e+01
9.860266390383945634e+01 9.890389443668040315e+01 9.931236311835394304e+01 9.929274365884620579e+01 9.901782678327687393e+01 9.951786499739392866e+01 9.854601341538678128e+01 9.907349038596207436e+01 9.935716323315890008e+01 9.900147687699447374e+01
9.862075049003463789e+01 9.907923506543617975e+01 9.934888572787502881e+01 9.930128730278227067e+01 9.877218992380309714e+01 9.941433105464159325e+01 9.856910794186126168e+01 9.901198087521072466e+01 9.932206558249137629e+01 9.896368754802249157e+01
9.855154762220456632e+01 9.894158588974246982e+01 9.920594851334151087e+01 9.920594831623859022e+01 9.889272754458367842e+01 9.953149023602084355e+01 9.839440778615617944e+01 9.886807443208635959e+01 9.920888184176740765e+01 9.882969974082973863e+01
9.849069537631054061e+01 9.893545532970992440e+01 9.928065517537410756e+01 9.953852909781070935e+01 9.878780064814273487e+01 9.936477861533906264e+01 9.860363131524795222e+01 9.896950768983379021e+01 9.908759564626456040e+01 9.910136857657342091e+01
9.851789927427299176e+01 9.882462761260279649e+01 9.940678283450583308e+01 9.927708244668006898e+01 9.895544462968094024e+01 9.932320676532897608e+01 9.879129351181065033e+01 9.903261183453034278e+01 9.939823822855373692e+01 9.889885612036326279e+01
9.840164726528783490e+01 9.861550104619365698e+01 9.921612821873277710e+01 9.930216577624538843e+01 9.894692018525485366e+01 9.938381909101302369e+01 9.862089868874910792e+01 9.879898489176147791e+01 9.927604656765998925e+01 9.899065445951828224e+01
9.863310036085938748e+01 9.880407102029737132e+01 9.935879977490415627e+01 9.923238787713395936e+01 9.889811030880355247e+01 9.954248596872210442e+01 9.870103847323828461e+01 9.900744154484345927e+01 9.925280050757197614e+01 9.892306147418604212e+01
9.834813824723687503e+01 9.912419184802968175e+01 9.945588886788347338e+01 9.917963933805970100e+01 9.859402235515892698e+01 9.937456249141359876e+01 9.839107772147082187e+01 9.920726220726419342e+01 9.919244390881269169e+01 9.905459830458302406e+01
9.848391897790909866e+01 9.889492958552010293e+01 9.939717758509983980e+01 9.924442023790103917e+01 9.894714660015165464e+01 9.940481981102585962e+01 9.846453280887817527e+01 9.899827277043883100e+01 9.933688549741650320e+01 9.892069793165265423e+01
9.856827894195866691e+01 9.909060657480304712e+01 9.927636118292370782e+01 9.927539674855586327e+01 9.878767021067386622e+01 9.951047970913253948e+01 9.855585346894878285e+01 9.896360352255706516e+01 9.914964854064983513e+01 9.907720488001744741e+01
9.839384726265367931e+01 9.888715696985212844e+01 9.930314271499827328e+01 9.917479416419941174e+01 9.884486995634158291e+01 9.938304125080675533e+01 9.873173429066555684e+01 9.897259494920815825e+01 9.947055530387167721e+01 9.916485083530274380e+01
9.844214432251216351e+01 9.894066126304680608e+01 9.931062349745721463e+01 9.917902247243993941e+01 9.904001934259999018e+01 9.935619921054083648e+01 9.870058812755389965e+01 9.918533505134202244e+01 9.910632362765092296e+01 9.904132328764356430e+01
9.861555779506045383e+01 9.890491185051638467e+01 9.948573786143111874e+01 9.940565626042031511e+01 9.885980298101030428e+01 9.938306123311019746e+01 9.855894655091763923e+01 9.906325298049922878e+01 9.904648178994651175e+01 9.890181101640027350e+01
9.861330050368698608e+01 9.898232296023931553e+01 9.938907207567962132e+01 9.929138415747065949e+01 9.879910178084439565e+01 9.931975707350522953e+01 9.867358203578282883e+01 9.895539532157178542e+01 9.906586853068390042e+01 9.879554566613116151e+01
9.865770805980977798e+01 9.895272667436074698e+01 9.941497005157989975e+01 9.936707350671453298e+01 9.879111696490934946e+01 9.942167853100947639e+01 9.830545807473637865e+01 9.904674380641822040e+01 9.905828695321919497e+01 9.886744898866656683e+01
9.868270955050209636e+01 9.905416680752210823e+01 9.940699507243726885e+01 9.907344149395991906e+01 9.887506200037920223e+01 9.946068615760324860e+01 9.848863111975188644e+01 9.885662663656309235e+01 9.924291812898380272e+01 9.895149149532589661e+01
9.840953779766260823e+01 9.887034403768586799e+01 9.940335986668387136e+01 9.924165171511099004e+01 9.883243089302598605e+01 9.934334799089955936e+01 9.845334954062579413e+01 9.897108154084378384e+01 9.923157236522347091e+01 9.899773147500081905e+01
9.835947252624087866e+01 9.889190856155227038e+01 9.917558675584815830e+01 9.922631849838826668e+01 9.874927741305188533e+01 9.943895455514510218e+01 9.834506827370354642e+01 9.896532573609215433e+01 9.912256544524767321e+01 9.909214009625698338e+01
9.848272637335369950e+01 9.900381897212849935e+01 9.936069225860687482e+01 9.925868293543298648e+01 9.884157240436616121e+01 9.942683789043235265e+01 9.840088985475992445e+01 9.909591660727191709e+01 9.928829530573500506e+01 9.889195406229218577e+01
9.830369556173914702e+01 9.894636077676771890e+01 9.937878039411624798e+01 9.931942470999749162e+01 9.894011762977687852e+01 9.933272817808742161e+01 9.849094792040777691e+01 9.901727728864713640e+01 9.923735407034388345e+01 9.907004471263905998e+01
9.868984496828355191e+01 9.889510004490522022e+01 9.925194647864178421e+01 9.912159445957308890e+01 9.868770250153983170e+01 9.950735445695718795e+01 9.864451958803175557e+01 9.901146193784649086e+01 9.935700231638256241e+01 9.916963799975043514e+01
9.858971944805972498e+01 9.897102619205557517e+01 9.934807061622612423e+01 9.921702252859724069e+01 9.891644136935104825e+01 9.944142179027114992e+01 9.863247029606110061e+01 9.898295340281705990e+01 9.946535809685599361e+01 9.919999610600771689e+01
9.845456729914208438e+01 9.874613885183543971e+01 9.910424282481901059e+01 9.916732222769164196e+01 9.882916253042216681e+01 9.957341933699701997e+01 9.854459089613041556e+01 9.905312326985887239e+01 9.925024349100819165e+01 9.901903572129035069e+01
9.832893515908277493e+01 9.875295014798747673e+01 9.942056402813645377e+01 9.933480931005827586e+01 9.868275339044555494e+01 9.945633223981342041e+01 9.863046391785607625e+01 9.907283637911726260e+01 9.916384695901270163e+01 9.890672053797464969e+01
9.863258097539845437e+01 9.882468529756623354e+01 9.942068429705952326e+01 9.930386259642428115e+01 9.868992785668027068e+01 9.945536886754747741e+01 9.840347966548948477e+01 9.897344531904786891e+01 9.915477300924916904e+01 9.910845458705178146e+01
9.850696232568930100e+01 9.880477662817730788e+01 9.927429068564025272e+01 9.922578582878969655e+01 9.885638028652965659e+01 9.938901819334580523e+01 9.856989811498672793e+01 9.905152538871985257e+01 9.901598384813246412e+01 9.892666721885144909e+01
9.854931863697365202e+01 9.899046621822077441e+01 9.919920928575756136e+01 9.925653326728415493e+01 9.866844930037589734e+01 9.945844003443373538e+01 9.854265538672792957e+01 9.900318332406348532e+01 9.928099632509467654e+01 9.897245613149526378e+01
9.837964374192169714e+01 9.890930711497541949e+01 9.948779491057507585e+01 9.925391697864027662e+01 9.876692864669097105e+01 9.948322574485985115e+01 9.867428214891353377e+01 9.896329532612307389e+01 9.908848841913190597e+01 9.893136032028188254e+01
9.850629312602369225e+01 9.883095049995033321e+01 9.934190761201537612e+01 9.938374287177140332e+01 9.865239755825541579e+01 9.940423173423641856e+01 9.846437183658804315e+01 9.902184902783200471e+01 9.927841085271647614e+01 9.904211026932098605e+01
9.848958025322413334e+01 9.902666430077104565e+01 9.937110303700609393e+01 9.920932090947157178e+01 9.874865128717780749e+01 9.957007413284874531e+01 9.856432813389550063e+01 9.907833584481502953e+01 9.916286459460422975e+01 9.896698882206116821e+01
9.854489152270862462e+01 9.889475537312836195e+01 9.950396054261624101e+01 9.920165616026089594e+01 9.886063352385906455e+01 9.949781872755193035e+01 9.867633922457260098e+01 9.912208789845337265e+01 9.931248585646622473e+01 9.890153521141542114e+01
9.850899933136840048e+01 9.890312481716290449e+01 9.946876077616983025e+01 9.930603499623387620e+01 9.888544064358356422e+01 9.956703317388804919e+01 9.866075104227429904e+01 9.907251366896490197e+01 9.907650922108416580e+01 9.871036434025381823e+01
9.854983066132044200e+01 9.882024325840794177e+01 9.937822572689216827e+01 9.918740742030273339e+01 9.886780185185014602e+01 9.947528178871432658e+01 9.842802000139977281e+01 9.894973839898207757e+01 9.945942068852124862e+01 9.891578068136715274e+01
9.845651013354145675e+01 9.875164119491327597e+01 9.958210374441414103e+01 9.914094507460720251e+01 9.884423880743393909e+01 9.950997317988753821e+01 9.858310379629142517e+01 9.921044153809343413e+01 9.920074248402768546e+01 9.897765409208261644e+01
9.854100589580157532e+01 9.901191061111228464e+01 9.936463454184472255e+01 9.921160446894897689e+01 9.891678543344524144e+01 9.948653374792299076e+01 9.853457845522426339e+01 9.907770998222623859e+01 9.899768517089282227e+01 9.909514013845245017e+01
9.863717708576839982e+01 9.869960666049080089e+01 9.935927259692540758e+01 9.924383996258956131e+01 9.881115999831132513e+01 9.950147626028706327e+01 9.851682847029198342e+01 9.916810563794989264e+01 9.917078664177653025e+01 9.898308072764474730e+01
9.841556039107761933e+01 9.892250072196497968e+01 9.931576418880955259e+01 9.931255075797653831e+01 9.871634973970817839e+01 9.939924415455196538e+01 9.869719124763491891e+01 9.901338804557150297e+01 9.932780535573155589e+01 9.904745066442022505e+01
9.863821554930203206e+01 9.897892888134217060e+01 9.931597191988309703e+01 9.942870914262050519e+01 9.888799334224586346e+01 9.940176518779367143e+01 9.862602695716726942e+01 9.896643072930258711e+01 9.929278090834226589e+01 9.889732548054607264e+01
9.848987514128575071e+01 9.895360658422939082e+01 9.936093053770099459e+01 9.932353639489504360e+01 9.890418514479904388e+01 9.936333319081207094e+01 9.858123523859147497e+01 9.909498504725411294e+01 9.918581488077478525e+01 9.906672336312294647e+01
9.850130691278397421e+01 9.902792007144481090e+01 9.924621690763308379e+01 9.920480232953187283e+01 9.897148407867466346e+01 9.945172358249762112e+01 9.855231275704308302e+01 9.893882957296524694e+01 9.943236452034854267e+01 9.910956148622658191e+01
9.832101789322662455e+01 9.901482562844481095e+01 9.932465282853787869e+01 9.947146016683366554e+01 9.882697097627861638e+01 9.940385267878144759e+01 9.864571828149121302e+01 9.901462181679025321e+01 9.921821725756376509e+01 9.885977885700374657e+01
9.859203493163445842e+01 9.891995769944972494e+01 9.935370251307506351e+01 9.914448252663112271e+01 9.877238816657890652e+01 9.941864832734741242e+01 9.856204937771377672e+01 9.904024301004412223e+01 9.925659558682882277e+01 9.915380771191036047e+01
9.843909689081765180e+01 9.905735064427419445e+01 9.941601688176831431e+01 9.927390554868757988e+01 9.892856687652688663e+01 9.940604773514216674e+01 9.869668407006699340e+01 9.905706619631351373e+01 9.913495347180221984e+01 9.876876031822506263e+01
9.845978416642675768e+01 9.877174736534995247e+01 9.933014826559794130e+01 9.936623864836057862e+01 9.887280318830457304e+01 9.958049805934848564e+01 9.849028100716182621e+01 9.907020113285794594e+01 9.924318788993647900e+01 9.891823439196049605e+01
9.855484517496030605e+01 9.904318583962198375e+01 9.949280123839042744e+01 9.928019727752639767e+01 9.883061780925561379e+01 9.923294980514560848e+01 9.872413204669942388e+01 9.899138384651301692e+01 9.910396277106637797e+01 9.881800809928519413e+01
9.852669402355498107e+01 9.897117562414950953e+01 9.933259315948797052e+01 9.918378546581506328e+01 9.879634875119310777e+01 9.922364435643333991e+01 9.852629940753222115e+01 9.906656258710775376e+01 9.912712981656130751e+01 9.894551654439635513e+01
9.853203093061087259e+01 9.903199247844096931e+01 9.943808031587883534e+01 9.931299304107277237e+01 9.854060995801201273e+01 9.958844025743704265e+01 9.854063170988769116e+01 9.902484279912417264e+01 9.927183488553914970e+01 9.878819728773123643e+01
9.851751004519327637e+01 9.892980376962022149e+01 9.942145656174689350e+01 9.930773852623651976e+01 9.873868524951514303e+01 9.929778476669611109e+01 9.865616970858815193e+01 9.887792164068854106e+01 9.923162528882853906e+01 9.902757761875137987e+01
9.855915942626019444e+01 9.884006667520762335e+01 9.940777950740758229e+01 9.930897555795310438e+01 9.875955373308970309e+01 9.924254248964378178e+01 9.865841084435695052e+01 9.903429811482385503e+01 9.935472049240452463e+01 9.910916595130424867e+01
9.832629266255931100e+01 9.900958817430418435e+01 9.956745697540962681e+01 9.912594471647274474e+01 9.892394129812345227e+01 9.952315309199366311e+01 9.862848630297827413e+01 9.901280655962629851e+01 9.913830648314726091e+01 9.893345858356552469e+01
9.854928380532855670e+01 9.892102909387432419e+01 9.928172908841573019e+01 9.911087935343039135e+01 9.868165397098231040e+01 9.931016801957822793e+01 9.856569491081515366e+01 9.920143501493221549e+01 9.927975145172892724e+01 9.902627598808155085e+01
9.839000208266270420e+01 9.912943927894151841e+01 9.929056714731271427e+01 9.929970261755217109e+01 9.881039122282534493e+01 9.944687047725940943e+01 9.868416329826656863e+01 9.886830956999824593e+01 9.919997874434653795e+01 9.898841837513420217e+01
9.851585842418376160e+01 9.887579511899406270e+01 9.919775600948422323e+01 9.928362857945948861e+01 9.891230215225949962e+01 9.936406229270131973e+01 9.844043437873311575e+01 9.913053016915763749e+01 9.927815476361730873e+01 9.897550773636351096e+01
9.841259346207395708e+01 9.883645967904932661e+01 9.935815709112026184e+01 9.937588200572933772e+01 9.889620224917645430e+01 9.937471946820642188e+01 9.836643809709948982e+01 9.925840663202151859e+01 9.939141209907742791e+01 9.911699129016351151e+01
9.849707850248357488e+01 9.886422097196367531e+01 9.921881388966951931e+01 9.921534012363328259e+01 9.864715156126794682e+01 9.940381726100603998e+01 9.871237586317323576e+01 9.898616948604869492e+01 9.928909402481573920e+01 9.899004611761348826e+01
9.869534590905072946e+01 9.894041726274794257e+01 9.921551393357869131e+01 9.933320077384489366e+01 9.899129625023471135e+01 9.940879793788482743e+01 9.858056699439150350e+01 9.906070362878425328e+01 9.932163775270582562e+01 9.905275161903529124e+01
9.848950605162835359e+01 9.879391097646306719e+01 9.935751919852810943e+01 9.922513761903937279e+01 9.871331123952711550e+01 9.942309105203433717e+01 9.855282639142006929e+01 9.903454637137146221e+01 9.930305364445749206e+01 9.898777040575726005e+01
9.839188754756581545e+01 9.887610612424559520e+01 9.946849517541245689e+01 9.932250073597552387e+01 9.901388449240506873e+01 9.934441914664134288e+01 9.849407101234787376e+01 9.881905124768466919e+01 9.909249391770812565e+01 9.897122367384397990e+01
9.840053109608140858e+01 9.889397901555095416e+01 9.921832142885881467e+01 9.924591462919926244e+01 9.877524693559675484e+01 9.922719113944954472e+01 9.844984510627608643e+01 9.912588266693285277e+01 9.939556171959324615e+01 9.893291981503216448e+01
9.858728819670189125e+01 9.884941122998824881e+01 9.953251381240623630e+01 9.924728161059485387e+01 9.871002144071870532e+01 9.947893472506787305e+01 9.854204848217840151e+01 9.902317030089656669e+01 9.941334226613702185e+01 9.890166738685496739e+01
9.859860968233536482e+01 9.917954979722139797e+01 9.948634209978798992e+01 9.918698518249310325e+01 9.886774701055789194e+01 9.943752595958966367e+01 9.846627296063734036e+01 9.885010022810266150e+01 9.946179159773828360e+01 9.891646357318469995e+01
9.856567330098388879e+01 9.889204090080114895e+01 9.923591005133332033e+01 9.917344925356120200e+01 9.883077690093442413e+01 9.949484705776622206e+01 9.845867966681714734e+01 9.917255426450894618e+01 9.924232277812502900e+01 9.884173079969642117e+01
9.854451236742831099e+01 9.895870747585894378e+01 9.939709284024110048e+01 9.931839228881602821e+01 9.870622261668447095e+01 9.943876871672249251e+01 9.845781406890152709e+01 9.893681529632887361e+01 9.921897670671954472e+01 9.900222045752096278e+01
9.839503012301584306e+01 9.895284367893039246e+01 9.935914366251149943e+01 9.931009181167856070e+01 9.884840974617520715e+01 9.952975174341639786e+01 9.844223324809181008e+01 9.907744298514421644e+01 9.932445006410040378e+01 9.908855753383417664e+01
9.851949852424620246e+01 9.875307433190602069e+01 9.934623852661252386e+01 9.920336883825572727e+01 9.874121679256558082e+01 9.924810037222623293e+01 9.851650768849111728e+01 9.898977774094957738e+01 9.913604896506615205e+01 9.884788091526098697e+01
9.844553873967554125e+01 9.890066269362644391e+01 9.929115270087206113e+01 9.934454746606216702e+01 9.879168657713164237e+01 9.939622495019307280e+01 9.885442809785502050e+01 9.907742519380654755e+01 9.921716027014595340e+01 9.903505240477991833e+01
9.859504976860296210e+01 9.881174711862203708e+01 9.939649470008178866e+01 9.915123948286222344e+01 9.877477109937397870e+01 9.938787772396882758e+01 9.845161520699249991e+01 9.902929902802092954e+01 9.913368750251451900e+01 9.904678303164340036e+01
9.832222078056797443e+01 9.874847946432173273e+01 9.933438093288282289e+01 9.946103586304263899e+01 9.906976383318513513e+01 9.945195507545081171e+01 9.857659797493062115e+01 9.901479987344461620e+01 9.927138330898556262e+01 9.904953627352402634e+01
9.843552069254822356e+01 9.890485720474478626e+01 9.943674665786542732e+01 9.937466221454661763e+01 9.872980440101144950e+01 9.935096221905254765e+01 9.842427613122102059e+01 9.915030900486843279e+01 9.922614878542135841e+01 9.909597012456569587e+01
9.871149949284928482e+01 9.882704486499984853e+01 9.931160121891390702e+01 9.909832279465879878e+01 9.881633788238779914e+01 9.939606470350119594e+01 9.862694053974855990e+01 9.905498769988122376e+01 9.924380829608011823e+01 9.893845102903118516e+01
9.839358246234475303e+01 9.859522075357232040e+01 9.935740192141321359e+01 9.927873643831445349e+01 9.864808922496881394e+01 9.963679215920447518e+01 9.854412072305396464e+01 9.887324729308228655e+01 9.929656331290671289e+01 9.896656946525703802e+01
9.858042998038038718e+01 9.863201886892116477e+01 9.914312517790789059e+01 9.911563083006430475e+01 9.865913357611040624e+01 9.942558065032953607e+01 9.860569227207069787e+01 9.908238101539950549e+01 9.922769711678600402e+01 9.899851267706667102e+01
9.849518438932257425e+01 9.900051564398653170e+01 9.945161021073582219e+01 9.924722574143483200e+01 9.879433883933567984e+01 9.931089227906048222e+01 9.862984525485455833e+01 9.915442339458246579e+01 9.914434095094468091e+01 9.905579641454632167e+01
9.845251586055999837e+01 9.896052536230898511e+01 9.947752564252469654e+01 9.940788121317406478e+01 9.875390236840033253e+01 9.944076997818903862e+01 9.844417056431585422e+01 9.905113767353999776e+01 9.920119789283947398e+01 9.883909927616375057e+01
9.841965231568271122e+01 9.882320212656486547e+01 9.941552468951127253e+01 9.926462934618963629e+01 9.876175206000782225e+01 9.947800345557071466e+01 9.856161110985203777e+01 9.893794137436266567e+01 9.922471467790829536e+01 9.895212665237932015e+01
9.839098946837650317e+01 9.884847101875207898e+01 9.921839797168681230e+01 9.925423312953438426e+01 9.875915940596011922e+01 9.938573474823094500e+01 9.843532792640806406e+01 9.889451065565528154e+01 9.925279148919206307e+01 9.904828661538630286e+01
9.860664713162977080e+01 9.896794719948384511e+01 9.952499056316678150e+01 9.937961618885506709e+01 9.886792511082953183e+01 9.945418961771292743e+01 9.863867580256417966e+01 9.912545591566671987e+01 9.929096097367531115e+01 9.911770475307541517e+01
9.843937402862214014e+01 9.881618411929105150e+01 9.937510767862342220e+01 9.931013483538140463e+01 9.895437301629479521e+01 9.917739294270377570e+01 9.853562419130858530e+01 9.899331719110294614e+01 9.947419077978385360e+01 9.892046654196221311e+01
9.845413995771664872e+01 9.883602306193195375e+01 9.944662216404279320e+01 9.920460111896161948e+01 9.884209537104375443e+01 9.957597447387821887e+01 9.842115763993336941e+01 9.908943963170666791e+01 9.924258583231002717e+01 9.895545083337437120e+01
9.832333679341083155e+01 9.900799913466690327e+01 9.946124579787301911e+01 9.925275236372949905e+01 9.886948334362787705e+01 9.927518036952139369e+01 9.851170873740166201e+01 9.897203972648196668e+01 9.933586034123686659e+01 9.909547729831056984e+01
9.847482199114105583e+01 9.899902585117085607e+01 9.942236937209672476e+01 9.925263190768365007e+01 9.886522941567542944e+01 9.937518313868362441e+01 9.864232123525498253e+01 9.908460548427382264e+01 9.933485149417171556e+01 9.888103335807082317e+01
9.858004987133718089e+01 9.885011193045859557e+01 9.933978251790394154e+01 9.921920145110340172e+01 9.877298451972693272e+01 9.937242106338410963e+01 9.840571922921793657e+01 9.916338016477536144e+01 9.918248650636550678e+01 9.897994392178438261e+01
9.851015571262412607e+01 9.875159114607319566e+01 9.944408411008771509e+01 9.952723516691249017e+01 9.885432011392336449e+01 9.932300355562817629e+01 9.844215585856795769e+01 9.895906565282255940e+01 9.923454502237198938e+01 9.883661953005754697e+01
9.856654343956491005e+01 9.893817937976169219e+01 9.926185711355837782e+01 9.932875321423900061e+01 9.886835908219669022e+01 9.939503206520161882e+01 9.844873001968630888e+01 9.904070476390185718e+01 9.937088552093649696e+01 9.893944072132380541e+01
9.837318453430123100e+01 9.898176275559363546e+01 9.934338259243919822e+01 9.932626749757676521e+01 9.906489009696598202e+01 9.948017248290904035e+01 9.854009965701723672e+01 9.898707332104345369e+01 9.926659535610251339e+01 9.890644461900392059e+01
9.848947449617371319e+01 9.883729427298226256e+01 9.908995784284823571e+01 9.912740991893279840e+01 9.864974870659190742e+01 9.958785465393948755e+01 9.848702230443035432e+01 9.908228336206217080e+01 9.935272102036795161e+01 9.904425580006073915e+01
9.863184329608998269e+01 9.898969147410790015e+01 9.955220684855086688e+01 9.934241050328056133e+01 9.884528869406477725e+01 9.941474759465265265e+01 9.847873174008343256e+01 9.908805015881857514e+01 9.926592158799599019e+01 9.907992532757887716e+01
9.852349569760868064e+01 9.876501777453042052e+01 9.942558885103294131e+01 9.909816986067973232e+01 9.872495806461375878e+01 9.933786791788617165e+01 9.855062470445425049e+01 9.927305308013370677e+01 9.924396178802155077e+01 9.888962886148226517e+01
9.869456589913997391e+01 9.883598875506264392e+01 9.940875125123247358e+01 9.937762656091400970e+01 9.890844782329017448e+01 9.945669838108365468e+01 9.859782351030366954e+01 9.901819717321421876e+01 9.931250952861580572e+01 9.902855043466550455e+01
9.853378096437280931e+01 9.886852567375082401e+01 9.916828519764700900e+01 9.931097205765459535e+01 9.892380401108748345e+01 9.931710795501973621e+01 9.846502862788129562e+01 9.908167102497112921e+01 9.910158435434445323e+01 9.895746292371315178e+01
