-6.995353201047439029e+01 2.931727695158329894e+01 -7.299793844676361232e+01 -6.904971955925196880e+01 3.404559324256952291e+00 -6.510554989861043396e+01 5.107728859508905828e+01 5.065738685785557038e+01 3.567278781883280914e+01 -5.583427827101566265e+01
-7.049551440367309851e+01 2.879287301185545189e+01 -7.343608280024064072e+01 -6.872368143121889261e+01 3.097694002079588671e+00 -6.452055838465146564e+01 5.083571839895115829e+01 5.083438544572199191e+01 3.547500984464679874e+01 -5.586641135173218942e+01
-7.060283373034259569e+01 2.909097568902489783e+01 -7.347305076286519920e+01 -6.836306453682783513e+01 3.890204498046639703e+00 -6.445284753611784367e+01 5.078973018651613813e+01 5.023298800262583796e+01 3.556339167812677005e+01 -5.637112911838270435e+01
-7.050277031136295136e+01 2.883408006367086429e+01 -7.347373346779373549e+01 -6.846424365185923477e+01 3.788484032277797731e+00 -6.401328181768737124e+01 5.098747756280086207e+01 5.081083468908281020e+01 3.588853944503156157e+01 -5.655290808819631820e+01
-7.026810931002367511e+01 2.898908212247838634e+01 -7.334912138357793765e+01 -6.819739542349422834e+01 3.605510626382336437e+00 -6.468593627854355077e+01 5.041988973495805482e+01 5.050290785287450745e+01 3.545378863071503872e+01 -5.612761105608470302e+01
-7.060226380616103370e+01 2.916071799881447291e+01 -7.319007965317037190e+01 -6.829415642739751036e+01 3.484173619659846732e+00 -6.485046399384695803e+01 5.089856516060735458e+01 5.077598247855448221e+01 3.560618428683606140e+01 -5.609258528517435849e+01
-7.028358144932715845e+01 2.879580874187048423e+01 -7.346177525014647358e+01 -6.827326722755053368e+01 3.042234648068182334e+00 -6.493074785072180077e+01 5.132454504747192203e+01 5.065864943314148405e+01 3.573587290357264123e+01 -5.600261798672866576e+01
-7.012984646910638276e+01 2.860392016482357391e+01 -7.311553164690157303e+01 -6.833194775552212263e+01 3.362385454189394274e+00 -6.451854325986982985e+01 5.070911510541431255e+01 5.048913143409509274e+01 3.519984027905376678e+01 -5.621748277939875038e+01
-7.017220179200162988e+01 2.890474208387761479e+01 -7.340765493128087371e+01 -6.876517042010591751e+01 3.183729156737399979e+00 -6.436077739192805325e+01 5.114093371418264411e+01 5.055000637681835229e+01 3.538389388648840850e+01 -5.555352576936139997e+01
-7.061438138497038608e+01 2.866741730511211728e+01 -7.301080044911525135e+01 -6.855986364220296991e+01 3.580396829423395655e+00 -6.419288049731396484e+01 5.091233837845317822e+01 5.087392375872179429e+01 3.523169113608602032e+01 -5.572770562899289359e+01
-7.092477381984670615e+01 2.904592277721173943e+01 -7.284990417311611566e+01 -6.867164491630146017e+01 3.485189823860778358e+00 -6.435065172945699885e+01 5.105151051800444151e+01 5.133130923778922039e+01 3.529327634779772893e+01 -5.591854992416256920e+01
-7.046784900615956815e+01 2.919563349561815002e+01 -7.322035018036457643e+01 -6.786243543657251109e+01 3.427485340391916768e+00 -6.467883916530075794e+01 5.035612964052111096e+01 5.094573235495128927e+01 3.532557767333747023e+01 -5.620073782802153062e+01
-7.051889746066734688e+01 2.930268903778585354e+01 -7.293895642646994304e+01 -6.874729108633691510e+01 3.520413188245632874e+00 -6.443726622697994344e+01 5.120218961693978343e+01 5.067456391244978420e+01 3.553322148304585681e+01 -5.596631293251227390e+01
-7.131769829466765032e+01 2.893031770065176289e+01 -7.339589428878241506e+01 -6.803673517006839688e+01 4.036170677044309762e+00 -6.444144701121439311e+01 5.096832030953484605e+01 5.063254714995179029e+01 3.511828450930624257e+01 -5.556354052427918333e+01
-7.126473212225424447e+01 2.857733629415441001e+01 -7.318696547717217982e+01 -6.908624980077286182e+01 3.299826577339917577e+00 -6.467281712800017601e+01 5.104783612019873829e+01 5.058622408466605691e+01 3.566073134533738909e+01 -5.650626007597611533e+01
-7.036383743322475937e+01 2.905671984283305775e+01 -7.304873982710628866e+01 -6.857267286260747596e+01 3.622714123265753372e+00 -6.478801411159379597e+01 5.093529476114155585e+01 5.046717345260888266e+01 3.559257639720762256e+01 -5.653628054810673831e+01
-7.077010894123530704e+01 2.830654020951451955e+01 -7.324457186016090304e+01 -6.773897439203723536e+01 3.715745896896614830e+00 -6.471778863360621870e+01 5.146842101567137462e+01 5.123015089150189283e+01 3.603105534651542996e+01 -5.575770812409976429e+01
-6.965717091823616158e+01 2.907204897240365682e+01 -7.332167592475484241e+01 -6.871317738591328350e+01 3.172176773589018950e+00 -6.453111883343991906e+01 5.127118505151783268e+01 5.084895848892838188e+01 3.510166125922478386e+01 -5.648611377264860067e+01
-7.041271810798626518e+01 2.882540570052715978e+01 -7.320252171205198977e+01 -6.824461656034114299e+01 4.115929830559791114e+00 -6.511900782628539730e+01 5.076751765981301645e+01 5.116289208669841315e+01 3.551904650024201260e+01 -5.584856022379199914e+01
-7.038049383149382265e+01 2.948181349038141974e+01 -7.340118345889166562e+01 -6.827654291261484332e+01 3.308644428631305701e+00 -6.362097068817575973e+01 5.073590919088733386e+01 5.098577131117903605e+01 3.482492774199079122e+01 -5.633219353523261219e+01
-7.034856824613903825e+01 2.901727445202413591e+01 -7.323652072544453517e+01 -6.820949211605420714e+01 3.179792439935048787e+00 -6.446665128043096615e+01 5.126166071904491162e+01 5.121291344777286270e+01 3.589291594761785831e+01 -5.624881262473726906e+01
-7.025701913936920562e+01 2.890201862849648506e+01 -7.342167966659334866e+01 -6.826597630362468294e+01 4.508156398824245237e+00 -6.410292310869947130e+01 5.076150542843008395e+01 5.066635920969647344e+01 3.570773033949002695e+01 -5.624990531424256091e+01
-7.019311805699152274e+01 2.909801577917784243e+01 -7.334699296926248735e+01 -6.836726235798509776e+01 2.963545295400205948e+00 -6.407614337117009029e+01 5.086748469613385026e+01 5.078843901917043979e+01 3.574055637457443879e+01 -5.608214029320576799e+01
-7.013404675874672023e+01 2.898585179625782260e+01 -7.327882604339926331e+01 -6.853790500675036412e+01 3.137866188374863974e+00 -6.453648727315982114e+01 5.061992336622876820e+01 5.080821141901832050e+01 3.599538149787437646e+01 -5.645758802286838574e+01
-7.020490193133173307e+01 2.884872348706125322e+01 -7.350769670128011057e+01 -6.825174171508740528e+01 3.637943309697749594e+00 -6.415207703438990450e+01 5.064266248875302523e+01 5.045230101426597003e+01 3.563660585589139629e+01 -5.553097312940442265e+01
-7.051254046446904056e+01 2.893737385012709140e+01 -7.331556189063955742e+01 -6.863646317428485588e+01 3.636786526166591038e+00 -6.453042594501559392e+01 5.079090528099268198e+01 5.107105752157214340e+01 3.524287951185708323e+01 -5.579450740069105308e+01
-7.112659498623739296e+01 2.955673099115578850e+01 -7.303304837535549154e+01 -6.872679390529773968e+01 3.260065999229246003e+00 -6.471089320204985995e+01 5.095671427385153152e+01 5.089737653467312128e+01 3.519276382562387084e+01 -5.610472905873292859e+01
-7.025317911661687731e+01 2.854186537231949217e+01 -7.263998322224718152e+01 -6.888951522090873425e+01 3.916144803010850772e+00 -6.460391468330396947e+01 5.107251530628451519e+01 5.068484717947927720e+01 3.529013268540812476e+01 -5.560604147399516961e+01
-7.111279778850438049e+01 2.878817560867801717e+01 -7.355730382183439531e+01 -6.831078065638688201e+01 3.466064698318855886e+00 -6.424139851128471435e+01 5.090508883946464636e+01 5.105126164043290515e+01 3.526462898919844946e+01 -5.595104178555000374e+01
-7.027890602551062216e+01 2.891166049695274154e+01 -7.336153207403339138e+01 -6.890023335380706726e+01 3.275116581324560183e+00 -6.442377962516347623e+01 5.103268164748200775e+01 5.110524650878173958e+01 3.619916175937297709e+01 -5.619260017232360127e+01
-7.008864596439632066e+01 2.939732427294973149e+01 -7.371559548763995906e+01 -6.904133801722201724e+01 3.394800020136261587e+00 -6.407749098275418476e+01 5.071957994840347794e+01 5.088079865653786982e+01 3.518391774322746812e+01 -5.625721021108875419e+01
