-4.208119073759257756e-01 7.189334334226010759e-01 6.923024183880134297e-01 -5.309783540226942905e-02 9.905161176293079961e-02 2.164428015948431094e-01 -1.156164872608257538e-01 -7.106623431839147187e-02 2.515310381826202923e-01 1.162069026072123923e-01
1.061675816639657682e-01 3.426803514826913810e-01 1.104276267542924350e-01 -5.630629026003132198e-01 -2.014998453401272149e-01 -2.378848218741827156e-02 -4.252641032531567222e-01 -1.983863447488874998e-01 -3.647446664430201158e-01 -8.548931785310348933e-03
2.277717803949619313e-01 -2.507806109247543991e-01 -2.622174831483564672e-01 -5.649753277696756282e-01 -5.610738781019726229e-01 -3.147314213944132910e-02 -6.282090539020347419e-01 3.733185357716705122e-01 6.123078103437178399e-01 1.151021672149113995e-01
1.475414107390321250e-01 -1.240216427996470999e-01 4.220889698571598792e-01 -7.247961742835622168e-02 5.522969709253064408e-02 -2.778384879268093743e-01 3.324486124469910320e-01 -3.382380359621109944e-01 -4.396014105453917020e-01 1.405373865925534649e-01
1.698907191494165858e-01 2.303709037784947289e-01 -3.556810343372495131e-01 7.649477667155267502e-02 -1.466867687291831040e-03 6.840938406072552547e-02 -2.963544396380853319e-01 -1.681598388866865079e-01 -2.127740623594764624e-01 2.114340873650127073e-01
1.950396518515847277e-01 -1.633473221505056805e-01 -5.346228469216975920e-01 3.613518114073473453e-01 2.451647647455854895e-01 4.087933834119364396e-01 -1.028957028308882388e-01 3.558770636984414093e-01 -2.959589993868957936e-01 2.479974589105860272e-01
5.601065410369100439e-01 -2.089599087329978566e-01 2.588243559294243767e-01 -4.317438606264504819e-01 3.243346497371468740e-01 3.574351536432292531e-01 -2.027237724165168592e-02 -2.560818154885582398e-01 3.727756231316498026e-02 4.042422365660999078e-02
4.063792983514769586e-01 -1.983315197550445386e-01 1.435733635993945989e-01 4.514230831380766085e-01 -3.624352316472057578e-01 -1.490574042495358131e-01 1.455714056820455182e-01 1.804036735332878172e-01 -7.770160832325735678e-02 -4.141518457698144945e-02
-2.981010333642866161e-01 2.927479438048492533e-01 -1.253664226454258568e-01 -5.761189206204428426e-02 9.313783194630388673e-02 -5.906912409882076886e-01 2.574100846893825900e-01 6.836734725924818734e-02 -1.011078137923716452e-01 7.040779767668672862e-02
7.216151136141213396e-02 -4.218108944944533589e-01 -1.171318123217713197e-01 4.494461790569918500e-03 -1.639749762117527487e-01 3.009973273909759550e-01 -4.635854850306411756e-01 2.511414150024257608e-01 2.202170285137387828e-01 1.020077429350586956e-01
1.406715869560660470e-01 -2.777003690672155689e-01 1.689116096001121725e-01 2.305203565395515589e-02 4.603218431735894497e-03 8.365474195188701834e-02 3.274054575558231761e-01 1.150069292898251161e-01 -3.763913027187400229e-02 -2.116433680206011025e-01
-3.611133668335152480e-01 1.770841193479874912e-03 -3.033521573188616149e-01 6.071694176672104426e-01 -1.750010416194503621e-02 2.971376046761476375e-01 6.422295321839021644e-05 3.895838823715810917e-01 -1.428270357198231644e-01 4.230561745657381717e-02
-2.549153389455122154e-01 -1.271208173048920254e-01 1.049714856976550065e-01 9.492424034037108549e-02 -9.947944568365030271e-02 -1.660509336752428733e-01 3.354466468475297281e-01 -5.627598431410404251e-02 3.451137418836133230e-01 2.057794412114172591e-02
5.025642003787228473e-02 3.182962782995796824e-01 4.199864894482424060e-01 2.427404301183734570e-01 -1.867695980546662249e-01 -7.816309911010073386e-02 5.567698127357126880e-01 -2.523303276425233332e-01 2.157509211030112783e-01 -2.477737491444639284e-01
-2.312255404557354566e-01 -5.638961103315059953e-01 4.357159967254990995e-01 1.706966178921838773e-01 -2.882556565157705641e-01 -5.748939327749227335e-01 1.933723038121339666e-01 -3.221646808351388835e-01 3.118164230318922203e-01 -7.060584245804436831e-02
-3.018026939529344643e-01 -2.327307361498228144e-01 -2.946851142538593482e-01 2.284584115994701958e-02 -7.662513986954765377e-01 2.048261886237484064e-01 1.111677147485965432e-02 3.951498535418426772e-01 5.028268149099731632e-01 5.272839502084953889e-01
-2.899714268448269627e-01 2.768815811219629830e-02 -7.711842802269489039e-02 -1.319958613269692493e-01 -2.659396684345963768e-01 2.831350404100350659e-01 -2.100689197174850364e-01 1.529059262712136602e-01 4.328276556299977540e-01 5.401172391703205067e-01
4.975649974353355681e-02 -9.523367815679716075e-02 4.750433278517029456e-01 -3.880304638122709648e-01 -1.711818780950683794e-01 4.719836732995405515e-02 -2.016572323593179838e-01 -2.281513960515386408e-01 4.010088055053544487e-01 3.935256973851438134e-01
-3.803817588416297246e-01 -4.261044096098804967e-01 1.886305510504222294e-01 3.462175204559231889e-01 -3.382815177177087712e-02 -8.129243237474323425e-02 -2.095104368380323323e-01 1.259238872479149784e-01 -9.890079397459444754e-02 -2.064082614334801849e-02
1.160836201508022858e-01 1.252732180423377362e-01 6.501590699797801243e-01 2.663201660024384632e-01 7.830276230467932141e-02 1.080704764930497802e-01 2.100348759615048022e-01 -4.832759733966706522e-02 -1.201588356138561797e-01 1.209699445148597063e-01
