-5.561999250064488809e-01 -1.450308900170897419e-01 2.274690332883776145e-01 -1.256978625392868865e-01 -4.498223664524783616e-02 -3.407141954957312868e-01 2.978355678738472401e-01 8.092419814591791938e-02 -1.467685373076669207e-02 3.625632841104432513e-01
1.823826055018597514e-01 -1.719255766240306016e-01 4.676934455630636922e-01 8.905365360737562686e-01 -1.437800398106259259e-01 7.285894169249355901e-02 -7.911040812672015532e-01 -9.261506451038287180e-02 -3.284305501869218546e-01 6.188835590929343822e-02
8.404375787133471221e-01 -3.040464550771812199e-02 4.014109571573024615e-01 -1.976780515100234198e-02 -9.891158017050936946e-02 -2.195897860137358271e-01 4.044949260650654854e-01 -3.408563456441539574e-01 -6.561548178486842353e-02 -1.603890538039381974e-01
2.652709156788815581e-02 -3.811558688032766484e-02 -2.430206809388003042e-01 -5.614084000345076486e-01 -1.817499777974961872e-01 2.735476328534330870e-01 4.182055391617489626e-01 -8.207739614524232064e-01 -3.258385942776672040e-01 -1.722202479649293516e-01
-2.873447332022799339e-01 -2.075349233390099898e-02 6.808832959156557729e-02 2.264864112185530909e-01 -4.533857090121234945e-01 4.245648068835668476e-01 -1.908467296702061888e-01 -3.155539013034203838e-02 2.927683884813964132e-01 -5.485473325904034470e-01
-2.242691777605277381e-01 3.671477397257861819e-01 -3.324738959956123896e-01 -5.105410330278632447e-01 -3.133412315262949083e-02 1.782756049270033949e-01 4.941096993071212307e-01 -2.376375459655602224e-03 5.741539549274309318e-01 -3.011303839486448308e-01
1.467703635604050427e-01 -2.782267745251277291e-01 -6.383885803843537543e-01 2.668400589151470048e-01 -1.501527811887585773e-01 -1.892916868248322726e-01 -7.797297032599477540e-02 7.579074013661521447e-03 2.108534829302355362e-01 -5.336793258211613988e-01
7.524787921069263641e-01 -6.520633199619323313e-03 3.901535185696075048e-01 -9.369743958011074458e-02 1.678562708816232485e-01 -1.882930966402513173e-01 1.554912301334760161e-01 7.140845743102439691e-01 -1.468417640483010711e-01 -2.297531398527150326e-01
2.964630315081996925e-01 7.043032731863881901e-01 -1.926152153179219381e-02 7.149341904725718677e-02 4.561200004054967172e-01 1.518722819067266083e-01 1.577639125295496603e-01 6.929982258046267496e-02 3.878517137770154943e-01 -9.527741437455909332e-03
1.114975450789557239e-02 -5.018623887783659615e-02 -2.977719849003537256e-01 -4.687619814131684381e-01 -8.882699694347404029e-02 3.014364796795468981e-01 -2.403373219505322914e-02 -3.859586149687702639e-01 -1.146108241806158695e-01 3.504168633773451225e-01
3.806516353123759466e-01 4.315541814699836443e-01 1.381778519939423633e-01 -7.463702828278463430e-01 -2.535199532406681722e-01 -6.210225692088428007e-01 6.288290230470048314e-01 -5.075702690566166186e-01 -1.468044716635805991e-01 -2.748408580888845321e-01
-1.665014536261540112e-01 -2.158980344541420460e-01 2.276142895865162774e-01 -3.911832227976305143e-01 2.797040459718014294e-01 -5.849755605483807769e-02 3.450397243775131795e-01 -1.330101177533342949e-01 -1.023928388314390286e-01 -4.627720065663457755e-02
3.850535276048887290e-02 2.671523358417608740e-02 4.419627052927476152e-01 -1.367053024817742046e-01 6.781761726555357583e-02 -4.316408845264353977e-01 -3.740573649110670584e-01 -3.648047521294135453e-01 -4.227265812393004030e-01 8.496482608776541046e-01
2.465424632295615537e-01 -3.680561747392491201e-01 -8.395769119103080325e-02 1.481869945321463433e-01 -2.485798364369198599e-01 -3.223098868520470756e-02 -3.036427213277460568e-01 -6.119202105244768430e-02 -5.112724984655178107e-01 2.274204952520900505e-02
1.405776067150230901e-01 -1.781019792776664667e-01 -1.498007042597206129e-01 2.236052403822711421e-01 3.104938981462595018e-02 -2.632123776704715645e-01 3.928051639336850864e-01 4.883693894126141521e-01 2.145648189802916717e-01 2.408367602144031727e-01
9.411739550439870428e-01 5.197354244351490848e-01 -1.443024225089445944e-01 -1.918694352777836065e-01 -2.570436036500736710e-01 -3.112623914786998847e-01 1.739471165123616381e-01 -4.211164626466595284e-01 3.772038959008801595e-01 1.429951516658854727e-01
2.931579967838167655e-01 3.539085003341281843e-01 -2.674827665343047500e-01 -2.596585360730450098e-01 9.671052961402293313e-01 1.856846605487357527e-01 7.313106621933362916e-01 -1.196767119889343423e-01 7.390559304859424250e-01 -4.274559310012141650e-02
-5.014874370652601110e-01 -2.416297872286441405e-03 1.358576756680365816e-01 7.540525592723501536e-01 3.617610173856332101e-01 -1.358844644552650582e-01 3.772683583949237862e-02 -3.925366691547860776e-01 -2.228165147958808268e-01 5.662004629199599015e-02
-2.369690750554130088e-01 5.447739092619673373e-01 5.997672889478687930e-01 -2.725258618319502113e-01 -3.504078456316151446e-01 -1.303461185921185872e-01 -5.691215206773445612e-01 1.569109550082159188e-01 -2.770119918895550537e-01 -1.148796324418337872e-01
-2.641693492505104990e-01 1.320576458738832726e-01 5.687238051312343279e-02 2.909859076713690595e-01 -2.509891331200110320e-01 2.226794352548803341e-02 1.523149816815793922e-01 1.208348114753868968e-02 -3.578478281728859900e-02 2.786505494939272021e-01
-4.362842304640811575e-01 2.785016346792090203e-01 3.504534434330152520e-02 4.356283703326886414e-01 3.680455697080782240e-01 1.645978491689924494e-01 9.191261125710451646e-03 9.944093220928248988e-02 -2.897870551655242766e-01 3.700589111309747214e-01
1.264324247506308507e-01 -4.920531981587888265e-02 -2.651696373735604878e-02 -5.461723223364243346e-02 -2.140030667533420472e-01 -9.262714034208317793e-02 -4.853062630251996773e-02 -7.060388997777454316e-03 1.493462604221822421e-01 1.911071221654286056e-01
3.013740897965117016e-01 -6.290358219638891857e-02 -1.056912050359390814e-01 -4.210785549270610884e-01 3.815381074052639487e-01 1.513989942447882264e-01 3.797201415715986128e-01 6.981096004115420681e-03 7.753853810784496758e-01 -3.092637239358329015e-01
3.499129487844630515e-01 3.823918209386422129e-01 -2.729568604210713123e-01 3.266252030677462836e-01 -3.563350537398178863e-01 6.020970082962515679e-01 3.561722811639689290e-02 1.497907988380069999e-01 4.594371115163820019e-01 1.576731987915982458e-01
6.425137809496782315e-02 7.153796482736976547e-02 -1.327762753418386121e-01 6.000498140299728167e-01 -6.779165214266313910e-02 -3.566011545535006655e-01 3.272403266924406862e-01 -8.217261008976983749e-02 2.460674827360865569e-01 -3.450177756863958001e-01
2.924512558262324369e-01 -5.840186951348326216e-01 6.491705868784317102e-02 3.134096731654332363e-02 3.623127596755426061e-01 3.823461943989904521e-02 -3.665423354425803582e-01 -3.793691037770337560e-01 -5.244133217738403685e-01 1.789580812662031339e-01
1.664169880159215020e-01 -3.645288962305019975e-01 4.509765400921105644e-02 -7.401365492551298386e-02 -6.427282162406727783e-02 -1.781115465685672028e-01 -3.204137075128214718e-02 7.325799379412331613e-02 1.081732496274804695e-01 -2.280624561118164417e-01
5.905237601121292590e-01 -2.775675837176788119e-01 -5.762160291670281875e-01 -4.972525778346545966e-01 2.443117583272594595e-01 2.430688671410988766e-01 1.085950500920647155e-01 6.413775954347432362e-02 3.950028414126652843e-01 7.403393661596996411e-02
7.755691398991668151e-02 1.564935961731424019e-01 5.244542939305757434e-02 3.196944965618198770e-02 2.660040291558855574e-01 1.266926799601074127e-01 5.237737140595960517e-01 5.009076400495353631e-01 9.220032708827449741e-02 3.272894885755318617e-01
3.275168393844248294e-01 -3.995520387118461358e-01 3.173263447899756229e-01 -1.123112193495935385e-01 2.125021937668509706e-02 -2.188251104991173757e-01 7.244339718712584919e-02 -3.709690451537686062e-01 -1.789215833607136208e-01 4.604897025324087290e-01
-4.079419323816945719e-01 4.100838409787102568e-01 2.419628201486767050e-01 -1.114326003616060295e-01 -1.224010365587009791e-01 2.367809358150621268e-01 -2.078903077944398436e-01 -5.067371566105796088e-01 -5.665615325468473795e-01 1.138264979481368455e-01
