9.920353345863354377e+01 9.952235578289902662e+01 9.875890110035767577e+01 9.862170190033177164e+01 9.948146021248480508e+01 9.875924440246653546e+01 9.923548065324744982e+01 9.879418276624853945e+01 9.866956472829163260e+01 9.923813111526519037e+01
9.934166874134467662e+01 9.945864413552020267e+01 9.879628551630950994e+01 9.864447449719806116e+01 9.936772699544951593e+01 9.865463869802555053e+01 9.933719480447406625e+01 9.887731979637102597e+01 9.855154217150246154e+01 9.930155630316913573e+01
9.918234227819769444e+01 9.963064580728799058e+01 9.862330476355070630e+01 9.846771129294396019e+01 9.956026506720078828e+01 9.882704657194052800e+01 9.923274084667545480e+01 9.887984228775978579e+01 9.867681199514480284e+01 9.954102863416947855e+01
9.929885018343979652e+01 9.939950008539732096e+01 9.870769058935883322e+01 9.865553439995683505e+01 9.923606919947221172e+01 9.890493113923660928e+01 9.916929897747581890e+01 9.870408213656119756e+01 9.854795019416769719e+01 9.926700525022680210e+01
9.938964447987382300e+01 9.945904107982997289e+01 9.882341664616726007e+01 9.859011888540088364e+01 9.946973690571996940e+01 9.883381941564169892e+01 9.913023671540469195e+01 9.883929532827040987e+01 9.864487667903730994e+01 9.920456393045151344e+01
9.929879904137357016e+01 9.957603544768093684e+01 9.858970707255575405e+01 9.866206062016469502e+01 9.968847909856658873e+01 9.886547688406858470e+01 9.923887496514016959e+01 9.885715294383064133e+01 9.863848425553725008e+01 9.933047347849662856e+01
9.923806662656106425e+01 9.938220182789591206e+01 9.871043145680708619e+01 9.860951694833441650e+01 9.953651015440647143e+01 9.891209826660511339e+01 9.909533211690632015e+01 9.877281850856275014e+01 9.865251142129648088e+01 9.940157235904844413e+01
9.933729598032276442e+01 9.933037505670249345e+01 9.858493213879825134e+01 9.856162467000243055e+01 9.941830345672607905e+01 9.880814174006829376e+01 9.914147821247253489e+01 9.886620543426612073e+01 9.870883922934666543e+01 9.947593422408006347e+01
9.919840486510601352e+01 9.952203759584801901e+01 9.910115441790966884e+01 9.853505021328108171e+01 9.929454006797185173e+01 9.880389762981715762e+01 9.918387034271994196e+01 9.880252607557035560e+01 9.870371212518206505e+01 9.954918726315987954e+01
9.921098462875934842e+01 9.963941585679459934e+01 9.879308382142494338e+01 9.866209200586190775e+01 9.946828553758587077e+01 9.888808606420937508e+01 9.915398988249852152e+01 9.895308878169547029e+01 9.867827456066933678e+01 9.933486820425724773e+01
9.943171516987094094e+01 9.941695357018971890e+01 9.880506892200634184e+01 9.879518349219922868e+01 9.957625128234838030e+01 9.891017822014327976e+01 9.919529590002512975e+01 9.870191926680747940e+01 9.874177725538240225e+01 9.930921201830315681e+01
9.921295333261667793e+01 9.932379425337188650e+01 9.885480609723079226e+01 9.860904718813078773e+01 9.939641988744010348e+01 9.883554841586474993e+01 9.912860857329658870e+01 9.888535282230752443e+01 9.872186415043960039e+01 9.916238211144693082e+01
9.932881859258691293e+01 9.958349803393325317e+01 9.865229090536706735e+01 9.865133156308189655e+01 9.939676417957699073e+01 9.879626692495382656e+01 9.909689347773139900e+01 9.890490054664493869e+01 9.868701695442298671e+01 9.943368471329863212e+01
9.921262391177744178e+01 9.935890122234080479e+01 9.864348415090492495e+01 9.878100032885157589e+01 9.944115012520811092e+01 9.887462130602069976e+01 9.940425844785109177e+01 9.905412424097259816e+01 9.864157328946593850e+01 9.934785245001233989e+01
9.940486097563290002e+01 9.947058628169273220e+01 9.869840433551817682e+01 9.858008369879071608e+01 9.931453147129789727e+01 9.875556431009245273e+01 9.917911037166646793e+01 9.881209390571177664e+01 9.845045266110139437e+01 9.928398314007976921e+01
9.924843069804033746e+01 9.934209491657976798e+01 9.889343568935585438e+01 9.852607877224446042e+01 9.932304571724262132e+01 9.889919354063130186e+01 9.929533408451712262e+01 9.872767738254590597e+01 9.886124811265722201e+01 9.924349426490368842e+01
9.907288402482940626e+01 9.943410671149690927e+01 9.882153022544660814e+01 9.842285464659414629e+01 9.938857911085264618e+01 9.872938214206237717e+01 9.912039502463919405e+01 9.893297637467476591e+01 9.853628503405849415e+01 9.937855854539682809e+01
9.893841203446025645e+01 9.952463456470576375e+01 9.893131246057123462e+01 9.860779766012167613e+01 9.948267012438461165e+01 9.887949253574895181e+01 9.922523171198886871e+01 9.893834580926620959e+01 9.866446498318180147e+01 9.934889607244906529e+01
9.938379689457046595e+01 9.926267499150802109e+01 9.877568535005050876e+01 9.855556641972803789e+01 9.965297890508928447e+01 9.889778598652853248e+01 9.928984337217521272e+01 9.885622310536948021e+01 9.860977195527054562e+01 9.921644245709919119e+01
9.914491440956140877e+01 9.928935232721887871e+01 9.897395543188294198e+01 9.858860390556058917e+01 9.953629072712340076e+01 9.888777985440701457e+01 9.932236546162503998e+01 9.895229953055086014e+01 9.885715117869389701e+01 9.930309854893958743e+01
9.939976980225176817e+01 9.961820934535951722e+01 9.897734370152616634e+01 9.863409766887134822e+01 9.944211518141575823e+01 9.886293917483564542e+01 9.915690647929584145e+01 9.900220840332669070e+01 9.863580883667003718e+01 9.927741603415292104e+01
9.918635389035841854e+01 9.943422925956843983e+01 9.887276994652114581e+01 9.863295238462103498e+01 9.942912307437738662e+01 9.883515109414253175e+01 9.913041942345624591e+01 9.881112179457917932e+01 9.871953165090002358e+01 9.937714549067483460e+01
9.938322092513389805e+01 9.932254949538487665e+01 9.873540295795893940e+01 9.858803027107735772e+01 9.934561745254988807e+01 9.888748438866106483e+01 9.916426436562966273e+01 9.873107160371000646e+01 9.864005225184619974e+01 9.928653559463418787e+01
9.931026946423040158e+01 9.938246832502142070e+01 9.867270259524748610e+01 9.873535266086130946e+01 9.943035279331667198e+01 9.874271784705030086e+01 9.917565911848787152e+01 9.890920462138053892e+01 9.876956077065938189e+01 9.940411880593316596e+01
9.911196530868808452e+01 9.945693412406545519e+01 9.878728059403724160e+01 9.851749355593433677e+01 9.950105335510605187e+01 9.896067591165733290e+01 9.933425718645879954e+01 9.894539870167078277e+01 9.883958789955410396e+01 9.930284449837076011e+01
9.914119688681732612e+01 9.937056201833276248e+01 9.871507769755085349e+01 9.857415599374937187e+01 9.926434187344689519e+01 9.885673835810655419e+01 9.928589010344897758e+01 9.887946364868200533e+01 9.863282741115918384e+01 9.932779169185398871e+01
9.913666908036421432e+01 9.939401235604002238e+01 9.881505485363862817e+01 9.851299335846083238e+01 9.949672535044174992e+01 9.886666003333044728e+01 9.910992423632090720e+01 9.894747330335353297e+01 9.868702041292775107e+01 9.913612045456829946e+01
9.919675059658334249e+01 9.931022893960732745e+01 9.889514304526174726e+01 9.865814728565366920e+01 9.936201848607443310e+01 9.888110390546734152e+01 9.905656534367547295e+01 9.877439976970403279e+01 9.860685331895923866e+01 9.946602489667434099e+01
9.916366063065939329e+01 9.919502615570149828e+01 9.897981334130390962e+01 9.852450192667730278e+01 9.924685378127328761e+01 9.886369099483522405e+01 9.921226894528228968e+01 9.889205859893672823e+01 9.857198392281972588e+01 9.930813945551486199e+01
9.923245929496513895e+01 9.935735202211446904e+01 9.877233617429092760e+01 9.851479739169359107e+01 9.940454460672258108e+01 9.893914447722542604e+01 9.912996482772243212e+01 9.884172769437917339e+01 9.863787690796507945e+01 9.931592355583968867e+01
9.930601785593215425e+01 9.944338005516871704e+01 9.896453872370707927e+01 9.865162510131888496e+01 9.919555564661459357e+01 9.881635294463850983e+01 9.914936812867277638e+01 9.872984840559071529e+01 9.881606742372004248e+01 9.951387080680576958e+01
