5.297088760327113732e+00 -6.295262010660371743e+01 -4.546599474083461701e+01 8.691875908132772111e+01 -1.084316406952656564e+01 -2.100065714717035803e+01 1.857684904459880215e+01 -6.591909271115387980e+01 -6.622167481695105096e+01 4.916291196031713184e+01
-8.970614194531847829e+01 4.392027646035228372e+01 -3.608827047318368386e+01 -2.027722374697829366e+01 -9.454494147390535375e+01 -4.438670981885708500e+01 2.133589730004061380e+00 7.822715858174370851e+01 9.423181941133134387e+01 -3.270675623284660105e+01
-2.256849638596717966e+01 1.652900740293381432e+01 -7.971311661460258335e+01 -2.165693614917685750e+01 9.471811278956587898e+01 -1.822819263028799242e+01 7.542383879187613616e+01 6.324083257604428354e+01 -8.848182456953996677e+01 -7.368780843492189092e+01
1.459112446405315211e+01 -1.685557974713719886e+01 -1.915059151607610488e+01 7.870045630604928988e+01 -8.594979515863306574e+01 -5.102345383495796227e+01 7.401392062108854475e+01 7.743816870717029133e+01 -5.289444454917742178e+00 4.225680732040279963e+01
4.768091216826402956e+01 3.938252751611727831e+00 -6.710329678940814802e+01 1.145562904937875714e+01 -7.933516445496739777e+01 -9.827769435612253801e+00 7.286219177216162279e+01 -6.948282167954187116e+01 8.666677712620096941e+01 -5.949495875875661000e+01
-6.646386390883019146e+01 -7.587103605935405426e+01 -6.150720572213712956e+01 -7.118117644427586299e+01 6.700481438252873545e+01 6.909208601174975684e+01 4.088345166168750211e+01 4.197649949114304491e+01 -1.266979061887283819e+01 8.418236043886238917e+01
-5.264375391344553634e+01 8.243496257954754469e+01 4.289868476784917561e+00 6.743429182775710728e+01 5.892025777673052289e+01 1.506530856036462751e+01 1.703262428889158286e+01 4.623953329842402127e+01 -7.225342738152436084e+01 4.929575416043940095e+01
5.814146215170887899e+01 -9.395380279937609203e+01 -8.885290929241595848e+01 -4.325756576551025034e+01 5.787768342294558011e+01 5.751602772406403119e+01 -3.912050457645932511e-02 9.383413681057024291e+01 6.890813892666295715e+01 -1.560409033365999676e+00
6.084200718061455859e+01 -2.839791437987311440e+01 5.143967744515393292e+00 6.895897836056801111e+01 5.585142478250332942e+00 -6.686108836135235833e+01 -1.002234940864397572e+00 7.194452373078158303e+01 -1.968059217421307494e+01 6.396916517945300029e+01
-2.332877665077730001e+01 8.171923081636862207e+01 5.152626904783318196e+01 -1.582496346643762308e+01 -8.270323426966700708e+01 1.459335666501762319e+01 2.038690823376313688e+00 -9.131382058054342110e+01 4.167100916849472014e+01 8.584721976077841532e+01
3.015384734924745658e+01 -6.856804774666611024e+01 -3.119499050318384548e+01 -5.387953040461430732e+01 2.065474555557744907e+01 6.667996615439977859e+01 -9.191640936929769623e+01 9.889626093242850402e+01 2.418417709046100583e+01 -7.719356822529874762e+01
-5.074472851864926071e+01 -4.588365468769248423e+01 5.335452644267761002e+01 2.334803640301966254e+01 -3.746228949916741158e+01 -4.762756253400169015e+01 7.708949860176622337e+01 3.945071944585129131e+01 2.903561061855154435e+01 -8.797981225474632083e+01
3.067613571169044917e+01 3.971279514868967908e+00 8.019105419556828451e+01 3.827884646593656726e+01 4.293270187005325056e+01 9.610812510323412994e+01 4.349626473019435480e+01 9.739092855398749293e+01 -5.490715878572500941e+01 8.838650074543195956e+01
4.122050372717006894e+01 -2.869912727976766575e+01 8.539691267060177893e+00 9.707209671643991555e+01 4.067256724649689659e+01 5.380293080630195846e+00 8.677490152231231946e+01 -5.328889163156173936e+01 2.867509732763471675e+01 1.302335669185650602e+01
-6.719970451903711250e+01 -5.641041440874236912e+01 -7.461802093603736807e+01 8.092949036973556076e+01 4.883753463132066486e+01 8.277176232455013860e+01 -1.797558122820038307e+01 2.249299720049411633e+01 -2.050776587596550371e+01 -5.832234086803225637e+00
4.674973318598861738e+01 -2.923671117627696958e+01 -5.468084276856430392e+00 -5.165982599407044518e+00 8.017589651566586895e+01 -8.779196306102690528e+01 -9.135533093481356559e+01 -7.661915365055922678e+01 7.111685959711039118e+00 -7.432907753783041471e+01
-3.162943075415117278e+01 -3.050031345947634520e+01 -2.260741515847838912e+01 3.989728438094911667e+01 -9.299539503938451901e+01 7.063023164716221913e+01 -5.919122151043752211e+01 4.698837104072134707e+01 -4.598973592733892701e+01 7.772263043958142248e+01
-5.654557653782239868e+01 -4.797712900817327863e+01 2.696291636207868692e+01 4.777463935732853884e+01 -9.866904670586708903e+01 -9.388724381962025234e+01 5.329511529419698945e+01 5.196599817650601949e+01 -7.471522070649740499e+00 -4.364463817766201714e+01
7.696414908057846560e+01 -8.212717389701604986e+01 2.451121960628002228e+01 1.424914441462452430e+01 6.386379414536571630e+01 -4.255487641427328782e+01 -8.686923134436021599e+01 -1.702387152773464152e+01 5.765874314025674607e+01 -4.031592280115592075e+01
3.329780442063247392e+01 3.598931406246481401e+01 -9.435176541602459110e+00 -9.285877486636668721e+01 -5.060709079373675223e+01 1.340653114060590667e+01 6.445913085274418108e+01 -7.893395849811734877e+01 7.955808910081628937e+01 1.029598689694883262e+01
