9.920806143634608532e+01 9.878295011306445872e+01 9.877402943119675172e+01 9.943935562044559617e+01 9.901706560250147504e+01 9.898338465843976053e+01 9.943289186533840507e+01 9.934012162436221161e+01 9.870125510300572103e+01 9.869406784458855952e+01
9.910162197487694868e+01 9.863924169668131015e+01 9.884502259113675393e+01 9.942673889507382512e+01 9.886285551390061244e+01 9.906089856029632301e+01 9.938525346670679994e+01 9.936886431445358880e+01 9.838830031186084568e+01 9.855068698853841624e+01
9.917890985170112117e+01 9.887857046131203731e+01 9.882014712577127113e+01 9.945845442790505331e+01 9.874796587152917482e+01 9.914419829849235555e+01 9.930232873532270332e+01 9.916420759894209880e+01 9.868397633539026970e+01 9.858907342079213265e+01
9.926305846260490284e+01 9.863014617229440262e+01 9.897232533253904307e+01 9.948793231206488485e+01 9.881372648636173039e+01 9.919974772837650789e+01 9.957221777553094455e+01 9.924709231970234669e+01 9.877975475145305495e+01 9.867991292837082540e+01
9.915835677229210887e+01 9.861644881410560970e+01 9.879179634244617603e+01 9.958329329612169545e+01 9.892033427813794333e+01 9.914174750692598082e+01 9.955433624784075164e+01 9.927097872004890178e+01 9.866116734467428273e+01 9.839777405702962199e+01
9.909173955674714307e+01 9.877617906369462730e+01 9.882125051289879991e+01 9.950863653255674990e+01 9.878055460791998144e+01 9.891488066481110764e+01 9.926755217648289431e+01 9.928165726187451412e+01 9.866485187616679298e+01 9.861231034280532981e+01
9.914447316259479237e+01 9.870795122408750899e+01 9.900203229520738546e+01 9.947355251943088206e+01 9.891851608693806952e+01 9.889072613629281250e+01 9.937342048855438748e+01 9.921551897152052391e+01 9.864339502857878017e+01 9.854662531872368447e+01
9.924601352575572832e+01 9.886551427761064303e+01 9.887492061031542789e+01 9.949667152838526363e+01 9.889116357642619448e+01 9.908277439050989699e+01 9.931248439661987959e+01 9.932008963235335841e+01 9.875473592348521379e+01 9.841439178416466405e+01
9.931689269346253468e+01 9.885411283446983077e+01 9.891716716003755039e+01 9.972934692363533316e+01 9.887126819779008713e+01 9.917313505349046920e+01 9.958021171908201552e+01 9.917414827678963718e+01 9.862519773321524497e+01 9.863834899605387818e+01
9.929518590496807917e+01 9.883846123230770786e+01 9.886496561781470405e+01 9.948748731614917062e+01 9.884287532314542091e+01 9.901044364397898789e+01 9.941416670080479889e+01 9.923164722422320949e+01 9.868029050159637450e+01 9.858287737802365314e+01
9.913223902930414511e+01 9.866719957615741521e+01 9.892892406602000221e+01 9.942109239868385373e+01 9.873207417844253087e+01 9.920690740210930869e+01 9.929602126750801006e+01 9.930414574997698196e+01 9.877311683311363311e+01 9.851603065080108479e+01
9.922450256333685559e+01 9.887638541834284922e+01 9.896799593319302346e+01 9.953738635727660267e+01 9.891418138818137606e+01 9.911823301434019129e+01 9.929367710937123093e+01 9.909033312836356799e+01 9.884366131704933878e+01 9.855315126123720404e+01
9.908584312715316855e+01 9.875380317475757863e+01 9.875589740409084527e+01 9.929673880741736980e+01 9.874564100331787131e+01 9.914840796786094756e+01 9.951887283546179219e+01 9.928414757417181136e+01 9.877727043796795670e+01 9.856169069567143026e+01
9.912360967956199431e+01 9.875234721973254182e+01 9.897588468653542293e+01 9.946475767744169616e+01 9.894300416909170792e+01 9.911572010138803535e+01 9.955888821026647406e+01 9.957613201052070906e+01 9.863982560326728333e+01 9.848565585004976697e+01
9.914663700673857250e+01 9.874226941629243015e+01 9.897310457883305901e+01 9.943923838856099451e+01 9.884663686025095330e+01 9.916282841368196443e+01 9.927440924553980039e+01 9.923668526435298531e+01 9.863613713512445713e+01 9.852315413315051273e+01
9.919485301419115331e+01 9.897144101018295714e+01 9.888637174233208782e+01 9.952241308904845596e+01 9.878038486651303174e+01 9.910026219313041906e+01 9.932421309885604899e+01 9.943064626602460976e+01 9.871673750082943855e+01 9.858407428712943954e+01
9.923086668862818271e+01 9.884337489704851976e+01 9.885475223755072705e+01 9.938729989074715832e+01 9.904627323925622306e+01 9.908516162805896954e+01 9.925684047176233094e+01 9.928894811854134161e+01 9.870559915761953107e+01 9.863938178751010355e+01
9.930962187612202285e+01 9.863692042305143559e+01 9.879507306846032577e+01 9.930620465546357423e+01 9.882172455848929360e+01 9.902141034287390653e+01 9.950653045307633704e+01 9.922236610448615579e+01 9.883394569369501426e+01 9.862401598214832177e+01
9.926085580409191778e+01 9.896956716286265987e+01 9.886305494373151248e+01 9.945168452352227462e+01 9.883179919805836278e+01 9.908943062675581359e+01 9.925162861565789285e+01 9.925003579310269686e+01 9.876609853177147613e+01 9.860534845326101561e+01
9.903351020389592918e+01 9.864556751079271635e+01 9.888756873277391435e+01 9.961113669597101250e+01 9.869350589858281353e+01 9.909857870931033119e+01 9.945444477239485082e+01 9.910659572087239155e+01 9.886589302956021186e+01 9.842189251892615687e+01
9.915950927381436486e+01 9.868086939335965724e+01 9.892610823420820054e+01 9.953026364346851551e+01 9.888732609187066203e+01 9.905466265026808514e+01 9.935993602092402455e+01 9.924710921157542032e+01 9.872092015954947897e+01 9.867913051448695683e+01
9.923775895186940943e+01 9.875015239168379821e+01 9.891050813351975535e+01 9.950052864394432106e+01 9.893444905164234626e+01 9.919519733093893876e+01 9.921579358596184761e+01 9.940901029133574696e+01 9.873176515357106098e+01 9.852921859681390515e+01
9.928921651933902126e+01 9.869895842885938464e+01 9.861009467002038775e+01 9.941898438783978520e+01 9.903730563987302560e+01 9.912152209061646602e+01 9.941447651535486330e+01 9.917132069918295656e+01 9.884159889036108382e+01 9.864873985072533458e+01
9.921778471391307619e+01 9.884913855592596121e+01 9.886877939039929686e+01 9.956817104957333697e+01 9.891253771523494720e+01 9.897865417466199744e+01 9.922814595349865385e+01 9.922687872846061907e+01 9.871115304055123829e+01 9.859896851503827975e+01
9.912733985579860985e+01 9.876133932194137799e+01 9.879628849706769245e+01 9.951270171980381463e+01 9.895401628701657160e+01 9.912063463899754368e+01 9.939963923328248541e+01 9.923445908527354220e+01 9.882737290528403662e+01 9.836665199931188397e+01
9.923027114191106079e+01 9.866147207350302040e+01 9.886713271891878207e+01 9.933813230535933769e+01 9.885283213564261473e+01 9.893489590734705530e+01 9.945338418935244817e+01 9.945184780681391601e+01 9.877522053214659081e+01 9.842534647455909180e+01
9.915760221544412900e+01 9.870893947905294397e+01 9.869180675407078240e+01 9.949233854167457025e+01 9.895903771499273205e+01 9.904999642344381527e+01 9.928021316389113338e+01 9.924282560629946204e+01 9.868379331930208309e+01 9.864272521960154450e+01
9.918266821175015480e+01 9.874469238150301464e+01 9.883868137812586951e+01 9.939381784343875381e+01 9.873410327478330828e+01 9.902107542272490548e+01 9.961145228290962450e+01 9.937560967765988096e+01 9.863508694653657471e+01 9.863850473248497508e+01
9.932403641237389991e+01 9.877484130558750053e+01 9.886039127028921314e+01 9.934941185508547790e+01 9.890288377353688531e+01 9.930180787825001687e+01 9.920189372356229285e+01 9.932787745900141374e+01 9.877324588711108788e+01 9.862423121510634871e+01
9.907945489062394984e+01 9.855949759173509506e+01 9.899829395944367150e+01 9.957808235553645204e+01 9.881112494665933355e+01 9.903365041238033939e+01 9.942400520840520528e+01 9.911852776042269397e+01 9.857453633285950900e+01 9.845278395972472651e+01
9.897943486966219950e+01 9.890679580121830838e+01 9.891539946288719420e+01 9.935002362185420566e+01 9.889514900937970765e+01 9.899682494669974631e+01 9.934135487176612855e+01 9.919881827648121941e+01 9.859411167325158942e+01 9.861959958263042836e+01
9.907543383791301039e+01 9.894666019337032026e+01 9.887415326010565764e+01 9.941739249749321061e+01 9.899226173141555307e+01 9.887611004904498202e+01 9.937600022726435611e+01 9.911778695028601760e+01 9.888282566398027029e+01 9.850286048556716878e+01
9.915587935906130213e+01 9.860735331292374894e+01 9.896820438285953969e+01 9.960113727885375567e+01 9.880009300128337202e+01 9.903853185234555667e+01 9.933465953229953982e+01 9.922641935442214844e+01 9.875719520347962543e+01 9.870867964723338162e+01
9.918506992824106305e+01 9.867020918807696717e+01 9.876899882428187993e+01 9.942398795404521650e+01 9.888063920213933500e+01 9.932183287984835829e+01 9.940874937785793009e+01 9.927039865585341261e+01 9.893497023156139392e+01 9.871461097851155841e+01
9.934270980140222207e+01 9.894194148579276771e+01 9.890573323313691390e+01 9.945165238995890888e+01 9.913453579180507802e+01 9.901563598580581527e+01 9.938848256007038628e+01 9.938045229547412873e+01 9.867521201124444019e+01 9.860771036462745087e+01
9.938133672671598617e+01 9.878124995942029329e+01 9.894675047013150504e+01 9.940241370249245279e+01 9.899230258324294596e+01 9.896547544855488354e+01 9.954613186984137485e+01 9.919080734104504415e+01 9.878740238928760675e+01 9.854661117884482735e+01
9.937399365459695844e+01 9.851426392520608033e+01 9.885514736657412982e+01 9.947209255280650098e+01 9.900294739814270883e+01 9.901026956695308456e+01 9.943847436187505195e+01 9.928692053823480990e+01 9.892618134511141648e+01 9.857537566902567505e+01
9.917867041834725228e+01 9.872641083739392798e+01 9.906278284281715685e+01 9.955442294309077056e+01 9.870331234220516592e+01 9.918129124939258645e+01 9.940209646163270918e+01 9.921507741535192793e+01 9.869262322442219215e+01 9.846912776667537059e+01
9.931163645791454542e+01 9.887741824842856886e+01 9.886216591056506786e+01 9.962614839978958514e+01 9.895191725696940921e+01 9.904228834634334078e+01 9.945742082770124171e+01 9.927349568803735735e+01 9.872016279121203297e+01 9.837219083362447236e+01
9.938251698402777379e+01 9.870971524295093502e+01 9.898378912573717514e+01 9.947173998284725371e+01 9.892422614463738739e+01 9.910977147776418406e+01 9.934223782200334085e+01 9.920345137855709083e+01 9.881694521512693541e+01 9.864287376960142240e+01
9.936770663421532390e+01 9.865956692439343101e+01 9.877455005475925987e+01 9.949353284735337866e+01 9.892598636412088808e+01 9.907748715259872085e+01 9.945135438178722609e+01 9.922420602784333710e+01 9.856089276870368110e+01 9.861166804688659226e+01
9.905663942312177994e+01 9.883248391425937029e+01 9.877499088366296576e+01 9.959145259093862990e+01 9.900819963216117969e+01 9.908629266528734547e+01 9.921297305173708025e+01 9.929377098114292721e+01 9.871567444550809967e+01 9.878029230253437731e+01
9.927464402379028741e+01 9.872427942409221657e+01 9.892482531221897091e+01 9.948717305906308184e+01 9.896733715254285357e+01 9.913801963641442683e+01 9.934427970091007865e+01 9.917934046113346369e+01 9.864718814564614036e+01 9.859323312439845211e+01
9.906724998954345551e+01 9.877335174218963232e+01 9.896609101504401451e+01 9.957220243783905289e+01 9.864084905712718410e+01 9.914257079876476553e+01 9.919432770026828905e+01 9.932699582108662639e+01 9.876179208440193236e+01 9.851343097170241947e+01
9.920627348286603819e+01 9.858278031927299878e+01 9.893580623300766774e+01 9.964206225063286126e+01 9.891821824858878642e+01 9.928189534088292589e+01 9.944118021942914254e+01 9.915660610701522160e+01 9.880844626645686901e+01 9.844250217566961680e+01
9.910816658660395717e+01 9.865876736256920765e+01 9.894480577747189898e+01 9.932167890645844466e+01 9.891902440283294595e+01 9.890496452295147378e+01 9.922560072796474628e+01 9.925139900570111706e+01 9.873559587479006439e+01 9.849012311944707676e+01
9.933364444633869539e+01 9.864889637341359219e+01 9.891457829753814224e+01 9.946514869655345592e+01 9.876636112188454319e+01 9.915283771516769207e+01 9.929004729557563280e+01 9.928312071902675484e+01 9.866772786719063504e+01 9.870118749623988208e+01
9.915290991247216823e+01 9.877388632083365394e+01 9.894730446513649724e+01 9.952839921072444440e+01 9.886570723759449209e+01 9.912973508105426390e+01 9.941057449637453658e+01 9.931578452060635698e+01 9.874182613418339827e+01 9.853736166976278810e+01
9.907881208155079378e+01 9.877324526244068181e+01 9.908820059513548983e+01 9.942150795586407241e+01 9.881280042912868566e+01 9.908625502805757890e+01 9.949561230085026864e+01 9.926944649717037805e+01 9.873487567001043885e+01 9.836942460499228957e+01
9.921711650724461151e+01 9.866029146226124169e+01 9.896958169818286422e+01 9.960252896030277725e+01 9.884016426035206848e+01 9.900334002360114027e+01 9.961503537531433494e+01 9.942419095989747291e+01 9.866143260459806186e+01 9.856973381275018653e+01
