-8.445283020568932386e+01 -8.392153399828306704e+01 -8.398988689111061490e+01 -8.378142194923304942e+01 -8.451567463579414152e+01 -8.358250029313063578e+01 -8.369987801131975402e+01 -8.501262757340236931e+01 -8.429649790728846881e+01 -8.371093308847302694e+01
-8.383808400885685330e+01 -8.385185865296008956e+01 -8.422084922090866144e+01 -8.326350948142203379e+01 -8.435116788561040835e+01 -8.329499273092169176e+01 -8.461878376378294320e+01 -8.481954729997875120e+01 -8.391673713660158285e+01 -8.291162981812261989e+01
-8.406370247946870222e+01 -8.357428851006768866e+01 -8.417382375269724548e+01 -8.410135730620768868e+01 -8.454883700205051866e+01 -8.362949489758251786e+01 -8.432301374790068849e+01 -8.403054748398604090e+01 -8.472862346852812720e+01 -8.387151313443472134e+01
-8.336013091420845456e+01 -8.413320093174789349e+01 -8.377664350321717279e+01 -8.360658735809433040e+01 -8.457775053615991112e+01 -8.335670518623304304e+01 -8.404550669081136505e+01 -8.401329157961859551e+01 -8.438315418766470088e+01 -8.378033886139485276e+01
-8.343650609556834752e+01 -8.376669605139433372e+01 -8.386423022935321114e+01 -8.397737016500016693e+01 -8.510849840148708267e+01 -8.351381043803860393e+01 -8.403513250919728250e+01 -8.390291439543597107e+01 -8.442202675517148691e+01 -8.364501429050551451e+01
-8.424865797043389648e+01 -8.423740495453515109e+01 -8.364684575269058087e+01 -8.395688515094357740e+01 -8.471431254496792462e+01 -8.430316320814391418e+01 -8.388949967751473480e+01 -8.473127890606940582e+01 -8.411531223063556695e+01 -8.402709609483088116e+01
-8.372467793625048671e+01 -8.406641274615439841e+01 -8.349172572020042082e+01 -8.411667279337956415e+01 -8.461381405052051718e+01 -8.394184938355014935e+01 -8.421539958810764404e+01 -8.453932774702607844e+01 -8.450862628379141483e+01 -8.358196721372240745e+01
-8.379575398820945509e+01 -8.429908803754209146e+01 -8.353345486967128863e+01 -8.323191714637508198e+01 -8.452236723630410609e+01 -8.407531190971742774e+01 -8.410674906118866545e+01 -8.472266947652276770e+01 -8.405438500694988591e+01 -8.382018267562192193e+01
-8.442296015157391764e+01 -8.376370192113768098e+01 -8.366140117818324029e+01 -8.397172423064172619e+01 -8.386800871573404947e+01 -8.353291396154206438e+01 -8.447405795176319998e+01 -8.449651195113489166e+01 -8.420021895738625517e+01 -8.396668184135629076e+01
-8.409491513949741659e+01 -8.399108541234198810e+01 -8.373974498184436754e+01 -8.346774295352527417e+01 -8.346646540201015796e+01 -8.363150587380408751e+01 -8.423608602402190115e+01 -8.449088208967810942e+01 -8.452461065941633933e+01 -8.381630010112912998e+01
-8.382860075964097746e+01 -8.351643852199845242e+01 -8.384588544767905205e+01 -8.413018211915051836e+01 -8.426175411060343379e+01 -8.419074228414493177e+01 -8.437812045247383708e+01 -8.414765272009594810e+01 -8.460327168013951393e+01 -8.369873238624322198e+01
-8.461367045222634431e+01 -8.415261244686132613e+01 -8.394230224169248800e+01 -8.406709745346292095e+01 -8.469218833620615783e+01 -8.337899347780150094e+01 -8.434826618568571632e+01 -8.453989591198966025e+01 -8.459159861913990142e+01 -8.381138426462176483e+01
-8.391053259971673128e+01 -8.394561174199282050e+01 -8.376271675452915133e+01 -8.330588582010180687e+01 -8.438667559907801774e+01 -8.350027144410088908e+01 -8.380760403581808760e+01 -8.439156359536514174e+01 -8.478536062484135982e+01 -8.447758721726887643e+01
-8.349265474752692739e+01 -8.367591889302097741e+01 -8.412489691117609425e+01 -8.361072209521746856e+01 -8.467476432956951271e+01 -8.368237150078482500e+01 -8.457682724123429807e+01 -8.493526680797830863e+01 -8.393235992682494384e+01 -8.396195801726729258e+01
-8.456719779825179728e+01 -8.432804052145992557e+01 -8.357536857686234555e+01 -8.387740806164359242e+01 -8.427272065175584714e+01 -8.353738982832588533e+01 -8.432339192326097077e+01 -8.491086973597948884e+01 -8.429754191504791550e+01 -8.362052837099680858e+01
-8.421596414383000706e+01 -8.384324877293980194e+01 -8.353528938894186240e+01 -8.404379206067058306e+01 -8.454289138707291329e+01 -8.337129406610458204e+01 -8.359752818268938768e+01 -8.420585466459390034e+01 -8.405335763993923592e+01 -8.388181287547369891e+01
-8.352089970735379154e+01 -8.391488327509132716e+01 -8.402185124730117138e+01 -8.393654919213361154e+01 -8.436304867001155117e+01 -8.345706598099539519e+01 -8.444930960110495732e+01 -8.438379800505654771e+01 -8.399375549505435856e+01 -8.368569045263566863e+01
-8.357554385902432159e+01 -8.321281977845993083e+01 -8.370186401411265820e+01 -8.417037711639227382e+01 -8.457025373929104717e+01 -8.363086295184629648e+01 -8.483274412455196511e+01 -8.410338053219811627e+01 -8.359418470766273401e+01 -8.403664681216545773e+01
-8.393840524751988141e+01 -8.385863494644094374e+01 -8.383077098801939542e+01 -8.348326565702168978e+01 -8.423605447649913458e+01 -8.376494811739135571e+01 -8.382166778532798901e+01 -8.425802128733459995e+01 -8.415372399723830199e+01 -8.372650436259922913e+01
-8.409917177326639148e+01 -8.413994065990156912e+01 -8.370732436068912818e+01 -8.360981231038267936e+01 -8.433692612543330824e+01 -8.396103058135750530e+01 -8.399380088721640902e+01 -8.407164590603680665e+01 -8.348403669706401331e+01 -8.371715347463759826e+01
-8.408324493126239929e+01 -8.395826290536280112e+01 -8.400597574862749184e+01 -8.439123736676657472e+01 -8.455083724977774295e+01 -8.406246716293944132e+01 -8.423346068189688651e+01 -8.450551230899959876e+01 -8.474091485135477342e+01 -8.433901668818498365e+01
-8.411970239979733321e+01 -8.406804524736340056e+01 -8.335675143274313825e+01 -8.366386146749393049e+01 -8.441722715007333022e+01 -8.375980191631246896e+01 -8.364309969287197077e+01 -8.384013179677303640e+01 -8.408047349282314542e+01 -8.342187602571867444e+01
-8.371910148224267800e+01 -8.395175245756045967e+01 -8.403472936128025594e+01 -8.382410344725543894e+01 -8.447858503329369739e+01 -8.385767599893105739e+01 -8.420445251845988821e+01 -8.469064870239337495e+01 -8.407554279057276858e+01 -8.406132164037298082e+01
-8.395133843580342159e+01 -8.357692966478504104e+01 -8.403301925366814373e+01 -8.357818750354756787e+01 -8.420155596584274349e+01 -8.384135750204345072e+01 -8.421733531550475504e+01 -8.446101508871525709e+01 -8.448055886012944882e+01 -8.392806716949444024e+01
-8.375108713445085584e+01 -8.344315872563319658e+01 -8.357307608764975271e+01 -8.395752453385651393e+01 -8.423101938927945298e+01 -8.403517888634800670e+01 -8.403303423213145606e+01 -8.459184347607900634e+01 -8.432709997372201371e+01 -8.364888615667400984e+01
-8.391231865777881183e+01 -8.364608500355458887e+01 -8.409116891182520703e+01 -8.350116508602246768e+01 -8.492152710846282559e+01 -8.345472785757661427e+01 -8.385672016516268457e+01 -8.455133449571904691e+01 -8.392330176471007519e+01 -8.415425092007316721e+01
-8.366720250093101185e+01 -8.370824575719807115e+01 -8.422740505342054007e+01 -8.357080483832878315e+01 -8.433131252883542572e+01 -8.388621187742641894e+01 -8.434380571728185316e+01 -8.462042803332380458e+01 -8.458038214342541039e+01 -8.412776380647068208e+01
-8.368862545998992175e+01 -8.363258655751715764e+01 -8.397761808785868709e+01 -8.375175294225527978e+01 -8.393075938235193689e+01 -8.355836599207300708e+01 -8.418701066039783143e+01 -8.455631132644469972e+01 -8.398493512497806535e+01 -8.382592602728797715e+01
-8.370795050873410048e+01 -8.367816779968059393e+01 -8.389211154186442343e+01 -8.370234636360511615e+01 -8.491249844043487371e+01 -8.414322597852240904e+01 -8.385674721406422805e+01 -8.449416686243451124e+01 -8.407798020555260621e+01 -8.430679106690580227e+01
-8.365514484332076961e+01 -8.425945323881802551e+01 -8.348126444418440428e+01 -8.420931549225448975e+01 -8.419887056646773260e+01 -8.425359902031451043e+01 -8.387066546511776721e+01 -8.498272448044477301e+01 -8.386363095378555954e+01 -8.401250774009126587e+01
-8.436516266628420624e+01 -8.394579845183395150e+01 -8.426229865451695389e+01 -8.349460777220807017e+01 -8.454743121312422716e+01 -8.325359316704091839e+01 -8.369743684314198617e+01 -8.470471196435671857e+01 -8.414509448503453370e+01 -8.408361693977171569e+01
-8.371760246098996561e+01 -8.419369915261509618e+01 -8.371355582745795232e+01 -8.407201061320770918e+01 -8.480932909085935023e+01 -8.333581331631373246e+01 -8.416773279653565965e+01 -8.473816235251013040e+01 -8.410342939708665710e+01 -8.452155320627606727e+01
-8.417797314936841246e+01 -8.412636702318665982e+01 -8.429359846635077247e+01 -8.363563337470793613e+01 -8.467560871235765774e+01 -8.410279266205033366e+01 -8.385191981650631021e+01 -8.440483009491480004e+01 -8.416373442462909793e+01 -8.339533361844793546e+01
-8.453559695025212761e+01 -8.375366403948966365e+01 -8.376284603605382983e+01 -8.291692981063837919e+01 -8.418114428174544628e+01 -8.395315115250537019e+01 -8.440722140790853700e+01 -8.367880476861571992e+01 -8.436528617137845742e+01 -8.325040529978922166e+01
-8.414618598307431796e+01 -8.366010103418400945e+01 -8.408439349883884972e+01 -8.423224706503482651e+01 -8.463218188134507614e+01 -8.356675172196257506e+01 -8.400266632032787584e+01 -8.457699107490888935e+01 -8.433556151460680894e+01 -8.397719291291491572e+01
-8.380723183492149531e+01 -8.389229180275422948e+01 -8.347870002880576124e+01 -8.449482699754885573e+01 -8.482830517532362080e+01 -8.375603639602569217e+01 -8.442150846912755924e+01 -8.478116046620472446e+01 -8.393807818952578259e+01 -8.441492877382290771e+01
-8.394459302013873980e+01 -8.405762978048781520e+01 -8.330281680810148259e+01 -8.334710745306965407e+01 -8.415908773430261647e+01 -8.413386575518205746e+01 -8.377040283251822927e+01 -8.450991948795866904e+01 -8.388176151904924893e+01 -8.440111687199063795e+01
-8.388629078191502231e+01 -8.368462488666946797e+01 -8.405510608979655274e+01 -8.419546339199938245e+01 -8.468737877931694413e+01 -8.381548715981297448e+01 -8.449861609850287891e+01 -8.443390143214192278e+01 -8.417691427165465257e+01 -8.421935145390634148e+01
-8.448709424078245434e+01 -8.414007934681531253e+01 -8.346654389996304246e+01 -8.331889527956897723e+01 -8.389112397798061238e+01 -8.364236291006075419e+01 -8.434707252327513061e+01 -8.459966639160887780e+01 -8.476912148138646330e+01 -8.379422700111268796e+01
-8.401959674515318000e+01 -8.364945883193577458e+01 -8.410874777687129722e+01 -8.381070641995094661e+01 -8.462858430913438212e+01 -8.312177037597516005e+01 -8.399012399247500582e+01 -8.331484481079223769e+01 -8.474155566907930393e+01 -8.424729580503267812e+01
-8.424107659184343788e+01 -8.424452920925180877e+01 -8.374409059952925816e+01 -8.334213409373786874e+01 -8.425473753211159078e+01 -8.381254929386177821e+01 -8.424808417030260443e+01 -8.440257900448020223e+01 -8.449180563272629740e+01 -8.392395957433770093e+01
-8.443098676246555101e+01 -8.413781397221956126e+01 -8.407402869362881859e+01 -8.367277311061829437e+01 -8.437440704762141763e+01 -8.336115399486783417e+01 -8.337744608848709049e+01 -8.497833922117027328e+01 -8.429371632049623031e+01 -8.418028893596806483e+01
-8.435679971051146708e+01 -8.355020821521469543e+01 -8.351013622087324961e+01 -8.406250133742929620e+01 -8.445082170610996286e+01 -8.362246599949038739e+01 -8.435866797624164803e+01 -8.443689953763662004e+01 -8.449664249338833599e+01 -8.390451204518508632e+01
-8.404464785053977494e+01 -8.379768138436257630e+01 -8.354539317715288860e+01 -8.360977595989405131e+01 -8.351639386871794102e+01 -8.390087712233417960e+01 -8.422775658292958667e+01 -8.459347805257758068e+01 -8.439104446300599705e+01 -8.355847917544332404e+01
-8.381763065599547247e+01 -8.390501766252353377e+01 -8.344756306471560947e+01 -8.397462189761198204e+01 -8.448082787989478959e+01 -8.392186981368574550e+01 -8.397937659598707683e+01 -8.477353777462219853e+01 -8.465859675184566413e+01 -8.335457430451731398e+01
-8.319089203697153323e+01 -8.358170895649257659e+01 -8.374740753498072365e+01 -8.326344157003681801e+01 -8.482608282565489333e+01 -8.380336803419919534e+01 -8.349222781009599714e+01 -8.452826731024828177e+01 -8.449274539617341873e+01 -8.386327044957231180e+01
-8.469632734104081351e+01 -8.356769323989317400e+01 -8.452158957379811000e+01 -8.413055572149983163e+01 -8.477995434942523900e+01 -8.335168854945780481e+01 -8.437186965591401133e+01 -8.463786753914727967e+01 -8.393264359637908001e+01 -8.368571844282385541e+01
-8.403160525783543733e+01 -8.383295727773860051e+01 -8.328596370660417847e+01 -8.370724722848709121e+01 -8.433674507883763738e+01 -8.347556706829652740e+01 -8.412241573523061788e+01 -8.459201978887455198e+01 -8.392870809985835479e+01 -8.465734533943658846e+01
-8.405683084307189290e+01 -8.378716423223303877e+01 -8.391031768268133817e+01 -8.381099331980347245e+01 -8.486395414646992208e+01 -8.313301978166384743e+01 -8.382688078017820033e+01 -8.417857309540166000e+01 -8.359949988187889858e+01 -8.418779829267795378e+01
-8.429671471982987896e+01 -8.386976565524886951e+01 -8.383778650378756936e+01 -8.395193930154296424e+01 -8.359892452775524418e+01 -8.325676285811670141e+01 -8.439809493545429575e+01 -8.421659267977184982e+01 -8.357840219055441366e+01 -8.345978414455110794e+01
-8.439529183819223590e+01 -8.376226100030905286e+01 -8.336340711473741294e+01 -8.424780147419750165e+01 -8.425584036063915505e+01 -8.377745636821114772e+01 -8.401847057179801936e+01 -8.445661612200366619e+01 -8.409041791046375636e+01 -8.367635880581789820e+01
-8.440721220066448893e+01 -8.377041204072465064e+01 -8.355777784430988220e+01 -8.403568120155949828e+01 -8.420035480308162334e+01 -8.429002141873694143e+01 -8.423211077141405667e+01 -8.449131460187365406e+01 -8.411153807205020883e+01 -8.393454507276410936e+01
-8.423869357745475384e+01 -8.400981310447063777e+01 -8.403534376783649407e+01 -8.428359918494440706e+01 -8.418243891688051406e+01 -8.357879253671777064e+01 -8.344295197790673058e+01 -8.449717684569989729e+01 -8.473445916373079001e+01 -8.386462134061058293e+01
-8.378191688657940972e+01 -8.383613818777489257e+01 -8.410666259958826174e+01 -8.404643251643423696e+01 -8.467240666528621773e+01 -8.360120987769900580e+01 -8.405687535469174065e+01 -8.417040119813547960e+01 -8.394307011824641052e+01 -8.379596405180961938e+01
-8.416812236453517926e+01 -8.359287620271024366e+01 -8.326968278850287675e+01 -8.392024311287666194e+01 -8.472657702439676086e+01 -8.394650259930142511e+01 -8.405504580064506115e+01 -8.425684003548765588e+01 -8.421975874666719619e+01 -8.343016427565862614e+01
-8.393464852326103198e+01 -8.371253376006337987e+01 -8.359594751000931012e+01 -8.342474193622398104e+01 -8.443419579965684818e+01 -8.395149124435155841e+01 -8.384355179536864000e+01 -8.465532914502337292e+01 -8.440269178432833996e+01 -8.391872602578166607e+01
-8.429525842375184652e+01 -8.420772745079086974e+01 -8.389823836113382072e+01 -8.351306675625978926e+01 -8.390843555694328870e+01 -8.350836410758336115e+01 -8.431201901103825946e+01 -8.466559283857884566e+01 -8.421423144796014526e+01 -8.398737921818103302e+01
-8.345784738875069309e+01 -8.392146198640693910e+01 -8.410559808299811380e+01 -8.366346449759711845e+01 -8.426922147432398447e+01 -8.354871104145257732e+01 -8.458036196081953051e+01 -8.467497639539240595e+01 -8.441105112219983653e+01 -8.449711886416872630e+01
-8.426125417358034042e+01 -8.371829760818840782e+01 -8.342466296364143830e+01 -8.377655671900220113e+01 -8.345719032772373680e+01 -8.439049779401612739e+01 -8.410498007213138294e+01 -8.519152717780835360e+01 -8.359669247675617498e+01 -8.378580764966143590e+01
-8.399867088483540556e+01 -8.392308903234929574e+01 -8.408201346091489370e+01 -8.363954727570622083e+01 -8.432753409459058958e+01 -8.321132989678855552e+01 -8.425831226023314002e+01 -8.429094134707433739e+01 -8.411872635997255543e+01 -8.404612786469468233e+01
-8.383087698878058802e+01 -8.394266786092612165e+01 -8.349050001187724490e+01 -8.327397199413714191e+01 -8.453510777980400803e+01 -8.351788930507781572e+01 -8.426012251975848244e+01 -8.397065487995196520e+01 -8.385364236453052911e+01 -8.350352423145983494e+01
-8.416632255379163041e+01 -8.370361668170203018e+01 -8.399298812707451134e+01 -8.404498084757187826e+01 -8.411554415041837274e+01 -8.350070493940812355e+01 -8.460118308547367860e+01 -8.414776641235697241e+01 -8.426148547495677121e+01 -8.391522453050809816e+01
-8.425164160271151559e+01 -8.403064467808212612e+01 -8.390887449417552091e+01 -8.329283478822479481e+01 -8.468870483412266026e+01 -8.344304930256397768e+01 -8.412749877786126262e+01 -8.456273393548002559e+01 -8.375524440854569264e+01 -8.436828123880174246e+01
-8.414296743488571906e+01 -8.400471937590248217e+01 -8.346970932928545039e+01 -8.403849980816076481e+01 -8.444569573614785440e+01 -8.391790119214421395e+01 -8.430683212220493772e+01 -8.447283494821604677e+01 -8.481336274201790104e+01 -8.360562975678760722e+01
-8.435884371991006958e+01 -8.356929770370176414e+01 -8.428958359931786504e+01 -8.420902594460164892e+01 -8.438507634762585496e+01 -8.384441989707511311e+01 -8.392711012537183990e+01 -8.449257734397396291e+01 -8.493192731922867722e+01 -8.397582610534468017e+01
-8.383481318080184508e+01 -8.325697663079189681e+01 -8.378491802405501687e+01 -8.331502307564210241e+01 -8.450135323111774710e+01 -8.364102027564929642e+01 -8.399583286258797443e+01 -8.444471720393080716e+01 -8.401232956372849969e+01 -8.352942027069414621e+01
-8.443999016043103722e+01 -8.473236507230565451e+01 -8.432423357165306754e+01 -8.350891959059435976e+01 -8.467515145490888528e+01 -8.383906428231284735e+01 -8.394320862520606852e+01 -8.445573965195296751e+01 -8.407914465788746838e+01 -8.401383795139545896e+01
-8.405580546542407205e+01 -8.408452736092580437e+01 -8.373539571231390255e+01 -8.404587119281848118e+01 -8.467912968669331519e+01 -8.392924003064496219e+01 -8.384109036495577527e+01 -8.452639865417950205e+01 -8.394396432332808899e+01 -8.375367737250935818e+01
-8.406359629868552474e+01 -8.388078470872309822e+01 -8.341530556876953995e+01 -8.361763317487148583e+01 -8.494148091051191329e+01 -8.319453618223020896e+01 -8.398169189238670640e+01 -8.457692839822203723e+01 -8.466861522044038679e+01 -8.455061302054799910e+01
-8.407183989966129900e+01 -8.433952262182522475e+01 -8.438020440924346133e+01 -8.376918009075437510e+01 -8.415401967045238507e+01 -8.404334687103356316e+01 -8.413972706167378135e+01 -8.398999441773501928e+01 -8.383725776699910170e+01 -8.335529764724275026e+01
-8.387909950517865809e+01 -8.428111310063970052e+01 -8.346085495370117258e+01 -8.394179603486779229e+01 -8.357405210594431821e+01 -8.331874118154873088e+01 -8.433533673235642425e+01 -8.472987340078137208e+01 -8.419301559514137523e+01 -8.444732164340047120e+01
-8.405244503316852445e+01 -8.380116418694072422e+01 -8.396618854288630018e+01 -8.335289629043650450e+01 -8.382552186433650832e+01 -8.389029130771001519e+01 -8.390776953013818229e+01 -8.469192405825792491e+01 -8.366482391466001900e+01 -8.390420602456876509e+01
-8.452470832896035802e+01 -8.400998354756615072e+01 -8.413184035419233453e+01 -8.335706523280009606e+01 -8.436465533691495011e+01 -8.417482779254784475e+01 -8.373317379040264541e+01 -8.456360748639549740e+01 -8.429634363601387292e+01 -8.452691208655578237e+01
-8.386998314000308596e+01 -8.368198769022146166e+01 -8.380446741822819945e+01 -8.405457813803931799e+01 -8.426795782359286591e+01 -8.329114989922386769e+01 -8.441668024678705251e+01 -8.398950918664388610e+01 -8.456677719346026834e+01 -8.437150404219487143e+01
-8.455673255621330497e+01 -8.400791862716897640e+01 -8.379751439681712100e+01 -8.336017298955017907e+01 -8.461903337074511455e+01 -8.298819765091214151e+01 -8.380707545526860258e+01 -8.500475749162694683e+01 -8.363715875209258854e+01 -8.374703509741516427e+01
-8.445210111282376886e+01 -8.416427527694628452e+01 -8.346884927154142986e+01 -8.349135111847239443e+01 -8.442699054951934556e+01 -8.373821642688353961e+01 -8.407793947615243724e+01 -8.454457219479884600e+01 -8.418642170447040485e+01 -8.353295014247849792e+01
-8.432878533635668816e+01 -8.424769769281613208e+01 -8.402333750489462716e+01 -8.349876627505055637e+01 -8.399665721627663117e+01 -8.374715271438064690e+01 -8.398356552634490413e+01 -8.426447506952280264e+01 -8.474867533786658669e+01 -8.408042359403074784e+01
-8.424918675587851169e+01 -8.391216281380800979e+01 -8.367668396997633806e+01 -8.366528707578011392e+01 -8.481138482720521665e+01 -8.393645786203765624e+01 -8.423531790553784049e+01 -8.457925193177884182e+01 -8.476659707994708981e+01 -8.332963786797851924e+01
-8.392404300148231755e+01 -8.338982905917609401e+01 -8.358159018284025876e+01 -8.337671699405974834e+01 -8.448834560649817149e+01 -8.354421671347169820e+01 -8.424887774942621377e+01 -8.423475908403717938e+01 -8.396274882092475877e+01 -8.419469508809243052e+01
-8.445894192568009373e+01 -8.355502804832723029e+01 -8.354304735764084455e+01 -8.339290795047368476e+01 -8.415178420051371688e+01 -8.395712726063024434e+01 -8.350254919681390220e+01 -8.449945408874667407e+01 -8.445378683951646792e+01 -8.352686062477748408e+01
-8.383719328877705834e+01 -8.353503865517774329e+01 -8.386585671115877005e+01 -8.325965538356858531e+01 -8.460186439210828269e+01 -8.444031168587733305e+01 -8.424265333288836644e+01 -8.380041496479350371e+01 -8.411387144652763936e+01 -8.413984271443871421e+01
-8.390061248343332068e+01 -8.379120515441506711e+01 -8.394674364481483053e+01 -8.316966171603002067e+01 -8.401264341954158965e+01 -8.343728180703936914e+01 -8.391390724061511719e+01 -8.427704357126361856e+01 -8.389014817868681462e+01 -8.420633625792454779e+01
-8.402507674163651075e+01 -8.364403543726716350e+01 -8.326197185079864482e+01 -8.377788799008590104e+01 -8.396666899582010046e+01 -8.363240812674473545e+01 -8.525507041857689217e+01 -8.396367740401009883e+01 -8.450652691893705537e+01 -8.340288925933991493e+01
-8.426287424415565397e+01 -8.306492708351797205e+01 -8.438684785143561840e+01 -8.400347405129551248e+01 -8.425428758153114472e+01 -8.368544080913061123e+01 -8.357215626084627047e+01 -8.434698893495944105e+01 -8.432097335697206120e+01 -8.411250929743781057e+01
-8.427027048302792878e+01 -8.328579574453183909e+01 -8.329681810656666130e+01 -8.408741121383610562e+01 -8.436627595436357296e+01 -8.424469130972023834e+01 -8.418994072382881200e+01 -8.399176699994738726e+01 -8.402704019233851795e+01 -8.363998710452329988e+01
-8.395659762138173221e+01 -8.388478708881969226e+01 -8.360901793314069153e+01 -8.354771333369633624e+01 -8.458800914779327229e+01 -8.372119540947194594e+01 -8.404647613961437003e+01 -8.424583835840022061e+01 -8.425699048748778353e+01 -8.458462647951296276e+01
-8.441725139713507531e+01 -8.380944292206605439e+01 -8.365849232227229493e+01 -8.394576861786600830e+01 -8.420026572949967658e+01 -8.301604274446016518e+01 -8.406357721619598067e+01 -8.416223851227026387e+01 -8.463079673925717827e+01 -8.365050604769922415e+01
-8.398885437341132842e+01 -8.418607706507988553e+01 -8.379076124405928283e+01 -8.342648606154337187e+01 -8.463154061294416408e+01 -8.432755199393292855e+01 -8.408459286174033309e+01 -8.462287672490535329e+01 -8.423202847960244810e+01 -8.382165149944421501e+01
-8.455419152917831127e+01 -8.418099034908910028e+01 -8.414645181974144350e+01 -8.394886865891270133e+01 -8.425668125445815804e+01 -8.402117631536631848e+01 -8.435733088178865557e+01 -8.410356862027730074e+01 -8.387454790638717839e+01 -8.392948029977073077e+01
-8.422514532842971846e+01 -8.376514437860342355e+01 -8.344556915149043164e+01 -8.381651156946226422e+01 -8.426041847934308748e+01 -8.325818566569172674e+01 -8.403268651970320491e+01 -8.467346778380809269e+01 -8.431755414708010221e+01 -8.318335275730315459e+01
-8.377446842529914761e+01 -8.394394348259677940e+01 -8.379883006279291635e+01 -8.340464400762404296e+01 -8.457258188151182310e+01 -8.307821789745061380e+01 -8.479150289036650179e+01 -8.405347389976435579e+01 -8.411329888901624940e+01 -8.386304704415114486e+01
-8.392106973621835664e+01 -8.344087445994890118e+01 -8.371475105731848032e+01 -8.423021482037674446e+01 -8.430269832223757476e+01 -8.359910945542829097e+01 -8.377571948527557311e+01 -8.420209159070259375e+01 -8.398548672589809883e+01 -8.382931424786812613e+01
-8.464737091341628172e+01 -8.388121563020972360e+01 -8.409197231016804608e+01 -8.406548880987602956e+01 -8.403325106110821707e+01 -8.402970384594163988e+01 -8.415525630921192146e+01 -8.466111204603056706e+01 -8.465791665014353384e+01 -8.436866213353982857e+01
-8.371449741193396221e+01 -8.371938085965116727e+01 -8.372156735857112153e+01 -8.286206437787797086e+01 -8.478016825604524342e+01 -8.391502414841228585e+01 -8.361668597617016019e+01 -8.441274829185303474e+01 -8.450640765463792548e+01 -8.360007963605036707e+01
-8.315381815148253963e+01 -8.332471342853696683e+01 -8.413610808381976369e+01 -8.432801695499107097e+01 -8.401610979366884635e+01 -8.327918318210031146e+01 -8.377108753575990363e+01 -8.550551985241378361e+01 -8.377308046555910437e+01 -8.426546431312041818e+01
-8.415904384381255454e+01 -8.402703653254161509e+01 -8.386660118083835869e+01 -8.365029760699846406e+01 -8.466070890571735674e+01 -8.359106230667889292e+01 -8.380300785002513919e+01 -8.446618907262941889e+01 -8.409393961051101485e+01 -8.396866325963215161e+01
-8.416500537409923766e+01 -8.350072117978838548e+01 -8.386782011881732046e+01 -8.378435971452101683e+01 -8.397182844927272072e+01 -8.401959798671038016e+01 -8.428949553765046687e+01 -8.507046085730610230e+01 -8.382529480191742266e+01 -8.410760040571281593e+01
-8.411148878915660987e+01 -8.420621899733689020e+01 -8.410092978658444451e+01 -8.468853812568771389e+01 -8.434956397814153206e+01 -8.430595987695515703e+01 -8.446040609883586114e+01 -8.462862184813208444e+01 -8.451326390144680545e+01 -8.354358195279748145e+01
-8.431814279145748969e+01 -8.376434228724177444e+01 -8.384026657430960938e+01 -8.374267249240376998e+01 -8.430063206062854420e+01 -8.383104173026842432e+01 -8.426010552967458977e+01 -8.499218017137495451e+01 -8.431419049925722220e+01 -8.372571343723382142e+01
-8.433703695497221986e+01 -8.421897248911190559e+01 -8.368855619255765532e+01 -8.335001699533711417e+01 -8.398379323462515345e+01 -8.419521481289197595e+01 -8.391037476497814396e+01 -8.483912141301780707e+01 -8.438126546772605252e+01 -8.381452821036718603e+01
-8.406200687301617336e+01 -8.352680822005572736e+01 -8.356811621017016023e+01 -8.380274988964262661e+01 -8.393323218369104666e+01 -8.367894824847934387e+01 -8.391849120115593053e+01 -8.453519451872600143e+01 -8.410673148684560374e+01 -8.407539231671947277e+01
-8.425218546551386112e+01 -8.367067370859857078e+01 -8.362906876198481143e+01 -8.369910713621642628e+01 -8.357648613356582246e+01 -8.324338671729857708e+01 -8.454443785552525981e+01 -8.454381716002676228e+01 -8.439051157857376495e+01 -8.368912386711660645e+01
-8.422689220060901505e+01 -8.362380563294202318e+01 -8.395677414734949195e+01 -8.401081998659323347e+01 -8.402613933640962784e+01 -8.372581176932523306e+01 -8.381004138480193433e+01 -8.443891638009328915e+01 -8.368760333441413479e+01 -8.356727849809905706e+01
-8.442361677163398781e+01 -8.385306496298753132e+01 -8.336153069438952912e+01 -8.418912911786355835e+01 -8.443079309252793507e+01 -8.384728152665267942e+01 -8.437821085574763913e+01 -8.438577866571903030e+01 -8.414545000732205438e+01 -8.408748565182840196e+01
-8.423652332902672413e+01 -8.361076309921602956e+01 -8.361181156871914766e+01 -8.377211975658214271e+01 -8.440670192054056997e+01 -8.345320743459564028e+01 -8.421329035423042342e+01 -8.401027472787288275e+01 -8.377145952772931992e+01 -8.401865917728375166e+01
-8.450882279201991309e+01 -8.373875657918351578e+01 -8.408322217321253333e+01 -8.311554264142607451e+01 -8.443535640042689749e+01 -8.396544570082856751e+01 -8.347497301535541681e+01 -8.463129352409750084e+01 -8.423623229512180899e+01 -8.443120024337721929e+01
-8.392180054297084268e+01 -8.370701328306419953e+01 -8.416223725265633959e+01 -8.383378880127320087e+01 -8.444771998666470836e+01 -8.400772121442959417e+01 -8.449210212477051130e+01 -8.400659553857933304e+01 -8.402457507604158593e+01 -8.374271348360095146e+01
-8.369158246063270212e+01 -8.426087262705777903e+01 -8.330980763465785799e+01 -8.393363878914141196e+01 -8.402263331819874281e+01 -8.377720630321859119e+01 -8.442508302130777054e+01 -8.421848921340507843e+01 -8.453882372279039714e+01 -8.443124753349721345e+01
-8.439552028381612558e+01 -8.399876390708925555e+01 -8.374607556466843050e+01 -8.359861349819315990e+01 -8.381850467163614837e+01 -8.351153100691240638e+01 -8.408260526084008291e+01 -8.417100209707295733e+01 -8.438112216700734791e+01 -8.387784762496171709e+01
-8.397835243228138324e+01 -8.436221445819472819e+01 -8.375996493035347612e+01 -8.420494548753211461e+01 -8.411146059040591183e+01 -8.379866925543514355e+01 -8.444607697360666521e+01 -8.501979237418419189e+01 -8.381613324834971479e+01 -8.351000457528343190e+01
-8.319589241090372411e+01 -8.412423093045559597e+01 -8.418206184400193592e+01 -8.339221602424204605e+01 -8.498931888306363192e+01 -8.392217418995015521e+01 -8.393475058221635265e+01 -8.450318437973953678e+01 -8.448567342486482801e+01 -8.413749146098025733e+01
-8.378527283104840251e+01 -8.408960034278845797e+01 -8.311266344507782833e+01 -8.379327692850110054e+01 -8.440760431672332231e+01 -8.378620216090187967e+01 -8.441023440157015045e+01 -8.425197595508012682e+01 -8.454001010145137229e+01 -8.376216842943742336e+01
-8.386413982138206791e+01 -8.326591765448391413e+01 -8.361113607664594838e+01 -8.385363230953663560e+01 -8.411312897142522615e+01 -8.401090467803858530e+01 -8.415698545378921835e+01 -8.415466838185457732e+01 -8.452516901646875169e+01 -8.442464864864577123e+01
-8.362950069103996498e+01 -8.398023159107083302e+01 -8.359661754363857256e+01 -8.364975942383432539e+01 -8.410851072093059599e+01 -8.377117581635158672e+01 -8.393210383924851214e+01 -8.428677737822664540e+01 -8.388723211309977046e+01 -8.411552801722892525e+01
-8.409469529416500677e+01 -8.405659757959158185e+01 -8.325359267454820156e+01 -8.305053179991439549e+01 -8.438266746771047622e+01 -8.382950952989897075e+01 -8.437395479583535973e+01 -8.432225415077665787e+01 -8.430681063168206890e+01 -8.389126642055241234e+01
-8.486771586377693666e+01 -8.358799122072912269e+01 -8.401591120249435107e+01 -8.414964579700364311e+01 -8.461053149824624597e+01 -8.373837779893167976e+01 -8.429802995717263059e+01 -8.452249444528194999e+01 -8.417818698812598655e+01 -8.324429883414819642e+01
-8.365042864885738538e+01 -8.395022308368601216e+01 -8.391971107176593137e+01 -8.385256405400319579e+01 -8.438787599438511222e+01 -8.352231130550698879e+01 -8.369395004880389877e+01 -8.389100490366922713e+01 -8.422835205907877310e+01 -8.406252936827276301e+01
-8.457672129231941938e+01 -8.358703754533841845e+01 -8.433905126720115675e+01 -8.383028448465950078e+01 -8.467836703752479366e+01 -8.313559455084288174e+01 -8.397684606600424218e+01 -8.403295283807158000e+01 -8.406755921004386778e+01 -8.348418975070175918e+01
-8.358735251641850539e+01 -8.433500037721339027e+01 -8.387230114834324013e+01 -8.338178243513065979e+01 -8.435868518711279762e+01 -8.339604062637327786e+01 -8.449134879282108557e+01 -8.450091152329034117e+01 -8.452551630616831346e+01 -8.405542542529394723e+01
-8.356526819374370518e+01 -8.439171073085233843e+01 -8.385618151052518954e+01 -8.457914107063943732e+01 -8.412367551260797427e+01 -8.366319618997052032e+01 -8.401235809789780262e+01 -8.399184353112731571e+01 -8.417457962789053738e+01 -8.393443344923370830e+01
-8.415704939633354797e+01 -8.369750528691866975e+01 -8.346611219143480298e+01 -8.355692355286069528e+01 -8.360205435851419509e+01 -8.371875968714752503e+01 -8.417466424729795449e+01 -8.454502643917378180e+01 -8.396685180962916206e+01 -8.377183696743479402e+01
-8.423731785135390737e+01 -8.368838690988438600e+01 -8.392217671919952693e+01 -8.405219896513671074e+01 -8.481430169941727115e+01 -8.384557664769931762e+01 -8.423445517711122932e+01 -8.492746571768179820e+01 -8.352210801267887064e+01 -8.420779700142377067e+01
-8.368573107113037679e+01 -8.404192016333689708e+01 -8.359643300622605011e+01 -8.434926299421189810e+01 -8.416268235138647924e+01 -8.386939588805360302e+01 -8.380235750250751892e+01 -8.469222643332784628e+01 -8.406747614327315432e+01 -8.361651822697712078e+01
-8.428314418871458713e+01 -8.375424643271173863e+01 -8.350185396265472093e+01 -8.353889676829282962e+01 -8.431410500254006024e+01 -8.332760597190403473e+01 -8.390038279082094164e+01 -8.441654546329252184e+01 -8.410861021800482717e+01 -8.368064939547157621e+01
-8.376234809714451046e+01 -8.392945852022810982e+01 -8.416076884953145054e+01 -8.346905736358262118e+01 -8.468706247133300735e+01 -8.405762303554610071e+01 -8.408588159273951135e+01 -8.483837902547661258e+01 -8.409696412855389269e+01 -8.400334383709292752e+01
-8.408310875372006876e+01 -8.375709867005990361e+01 -8.407441919392194052e+01 -8.372467788531265853e+01 -8.432747562487416815e+01 -8.426096611535342618e+01 -8.400101254342065715e+01 -8.394191139206648700e+01 -8.386806851607167346e+01 -8.442345240529729722e+01
-8.400369986490896679e+01 -8.298991103666139679e+01 -8.398523007459718315e+01 -8.367929332046168156e+01 -8.466034053949782390e+01 -8.392747010755783776e+01 -8.420372697065124612e+01 -8.446027695136174884e+01 -8.399259346102199686e+01 -8.399257695162498294e+01
-8.385357266933223741e+01 -8.356648253766536527e+01 -8.354800852634863872e+01 -8.401619146600336308e+01 -8.439652741424680471e+01 -8.292282408939709626e+01 -8.413353529365154770e+01 -8.434380491099707911e+01 -8.416931988989173874e+01 -8.340893258411627187e+01
-8.420105496453901139e+01 -8.401714980478323014e+01 -8.368359733181698346e+01 -8.332540928964820637e+01 -8.443134878851924441e+01 -8.399482485365207651e+01 -8.372696226573090428e+01 -8.445046779602763820e+01 -8.380474745559348548e+01 -8.378168628449344624e+01
-8.370972843026996202e+01 -8.382794021646243721e+01 -8.351890466735189023e+01 -8.383450850743599858e+01 -8.464185783919390360e+01 -8.330633958170763265e+01 -8.454604283698152756e+01 -8.389075071729598676e+01 -8.381841136906153622e+01 -8.424249472324089538e+01
-8.383256377992594821e+01 -8.348331300191058801e+01 -8.356647346836011536e+01 -8.336511529747868110e+01 -8.424311285478069067e+01 -8.360704642664737207e+01 -8.385799647972851290e+01 -8.445995586955137924e+01 -8.429660291839672936e+01 -8.433424742242301875e+01
-8.459561834372932765e+01 -8.329033838514760646e+01 -8.353224231857811333e+01 -8.366418925262044581e+01 -8.408830772371064199e+01 -8.326375695769728225e+01 -8.393118524791275092e+01 -8.429883449649834404e+01 -8.389524377952497503e+01 -8.442797082376641526e+01
-8.308412535449477332e+01 -8.408969068743084563e+01 -8.399630023941324453e+01 -8.342940551464744203e+01 -8.469434931233220709e+01 -8.385058822789225985e+01 -8.441769807975403239e+01 -8.396694065135537244e+01 -8.446670991847838650e+01 -8.375842479083129888e+01
-8.409718543261001855e+01 -8.367591063526145945e+01 -8.378867287053454049e+01 -8.406447284094264205e+01 -8.406990379856904383e+01 -8.381379222984823230e+01 -8.431046240406782033e+01 -8.424691112404154580e+01 -8.415634445946095354e+01 -8.359707877238305684e+01
-8.435141324628290249e+01 -8.410012844734205828e+01 -8.330625565622878526e+01 -8.355785009273094488e+01 -8.438362541376483250e+01 -8.356851854771414878e+01 -8.369344587529705848e+01 -8.429598539448063832e+01 -8.433840145551808121e+01 -8.324998482099258013e+01
-8.359211644749849768e+01 -8.410370017036281354e+01 -8.363332542482926613e+01 -8.366299406058773513e+01 -8.355129919173710107e+01 -8.411796345938276431e+01 -8.387376575537327028e+01 -8.449844664860079035e+01 -8.417630252695069260e+01 -8.362023808155016980e+01
-8.465527559053900575e+01 -8.318314055346623093e+01 -8.391788072888481054e+01 -8.362355458123433039e+01 -8.484176024351440049e+01 -8.379524487567070423e+01 -8.420418328233921557e+01 -8.375909813941279936e+01 -8.451091906115675556e+01 -8.412670703890314883e+01
-8.380978224197569659e+01 -8.410003010305989335e+01 -8.434027139155595876e+01 -8.381190188455626355e+01 -8.412355728576463321e+01 -8.361427520655142587e+01 -8.399484483088758680e+01 -8.495245814540301410e+01 -8.396587649637331197e+01 -8.408538235238926006e+01
-8.411568214345210492e+01 -8.424064681542111543e+01 -8.316707878163008161e+01 -8.381510438392241724e+01 -8.424250043018291478e+01 -8.399190346776622107e+01 -8.413338611987782656e+01 -8.415270060294056975e+01 -8.458953989585300803e+01 -8.366195581091847089e+01
-8.429492208425131139e+01 -8.390923802866791448e+01 -8.398670631314837465e+01 -8.395373282533147119e+01 -8.414999300152418016e+01 -8.370442628343501212e+01 -8.417896699734669141e+01 -8.392829900700461110e+01 -8.401364193915151191e+01 -8.355964974948874158e+01
-8.414257380088098159e+01 -8.376715404752168581e+01 -8.359612300634746873e+01 -8.432697703025075953e+01 -8.452864007356890852e+01 -8.398548234345607000e+01 -8.500409165142100676e+01 -8.476715174352436577e+01 -8.411818708354435614e+01 -8.421483745392376363e+01
-8.372642260634236777e+01 -8.389191436413575786e+01 -8.351728228318248171e+01 -8.411245368173121051e+01 -8.447397054602866717e+01 -8.433561524952995114e+01 -8.411587447833547060e+01 -8.408776595738052606e+01 -8.453461696486314736e+01 -8.407329440390775233e+01
-8.417171063627272076e+01 -8.377055981714579502e+01 -8.391083874847923596e+01 -8.406722719462038640e+01 -8.467853268135050371e+01 -8.368112790672900303e+01 -8.414614954094444954e+01 -8.514173166845441187e+01 -8.509103527596583660e+01 -8.437834776312398333e+01
-8.393817205093355938e+01 -8.348524425384636061e+01 -8.368813018464283005e+01 -8.342523782911878527e+01 -8.432693748159998393e+01 -8.375002146211251386e+01 -8.428988272134483850e+01 -8.411718535694501497e+01 -8.414316786936973358e+01 -8.401399782094394197e+01
-8.401095237176892283e+01 -8.365003542601560582e+01 -8.356248977216229434e+01 -8.371425968822821062e+01 -8.509046586788515754e+01 -8.335066098361747322e+01 -8.440353554384748236e+01 -8.404439825083059645e+01 -8.396005408730117381e+01 -8.355891916364065253e+01
-8.421859011234519699e+01 -8.317345243202278482e+01 -8.367352947389790074e+01 -8.311920353830571173e+01 -8.453238252981607559e+01 -8.409383028754301392e+01 -8.429871000860119068e+01 -8.477391888908806550e+01 -8.457502394163084602e+01 -8.345101581217589626e+01
-8.376922331065560456e+01 -8.424445675854229876e+01 -8.367607287293469653e+01 -8.354967814142936788e+01 -8.445321342153775390e+01 -8.327583065885309566e+01 -8.388378196479435189e+01 -8.478034433061576181e+01 -8.466764838094066192e+01 -8.366612514894592323e+01
-8.420970979374752119e+01 -8.329549818170782771e+01 -8.385177017424028634e+01 -8.309257589541209654e+01 -8.424378826257067487e+01 -8.382812516631160804e+01 -8.394417783978569503e+01 -8.446943073001202151e+01 -8.356243193763555155e+01 -8.435515552315182219e+01
-8.383169769915289748e+01 -8.434753742965753531e+01 -8.366260662833208528e+01 -8.389422518698079045e+01 -8.426981977894321574e+01 -8.395521674768409071e+01 -8.458279384091834174e+01 -8.443336398049071079e+01 -8.435762148540526084e+01 -8.446863691008971387e+01
-8.466412441337497796e+01 -8.412594771604430832e+01 -8.356279991652580463e+01 -8.375321597007192054e+01 -8.488113139331662182e+01 -8.391372020296800827e+01 -8.419865539407541632e+01 -8.433408094492669704e+01 -8.422775915927583412e+01 -8.378843326364636823e+01
-8.435248937600236729e+01 -8.416839825101438066e+01 -8.393370947081115219e+01 -8.467191077580611136e+01 -8.428090904799209682e+01 -8.335830631120160206e+01 -8.396932880800147814e+01 -8.404983279664045881e+01 -8.460682239433231189e+01 -8.340201479952538932e+01
-8.437245730679899225e+01 -8.350478874886606206e+01 -8.367979757340440017e+01 -8.419651226688799284e+01 -8.435704919023585546e+01 -8.373127254944579079e+01 -8.369257798571473472e+01 -8.408600491280266453e+01 -8.434792975079267308e+01 -8.408256239172543189e+01
-8.362416193015619115e+01 -8.373063409357513365e+01 -8.413705764223730910e+01 -8.393923792006638962e+01 -8.378380414270793608e+01 -8.372550231235456408e+01 -8.409085295890422174e+01 -8.447134389242708608e+01 -8.403377294135263753e+01 -8.395032182426582779e+01
-8.443635178405186537e+01 -8.391128222336692488e+01 -8.385787531410402096e+01 -8.354623112181684519e+01 -8.422737950068625423e+01 -8.371126017363181404e+01 -8.334294468958719904e+01 -8.444163654771450922e+01 -8.417485655722671822e+01 -8.355692844450139489e+01
-8.426577782500478975e+01 -8.391255950294197419e+01 -8.341445453693485490e+01 -8.400680240022910539e+01 -8.439241241563507856e+01 -8.406427361703103429e+01 -8.427115073541193624e+01 -8.429674898395714422e+01 -8.462157358875637669e+01 -8.418966391265827554e+01
-8.442104161342828661e+01 -8.444762152733443372e+01 -8.293661058953222209e+01 -8.401932069963862659e+01 -8.430543471938194955e+01 -8.404104083231801781e+01 -8.441488139246384037e+01 -8.477414877503107959e+01 -8.397444437025797015e+01 -8.379661189740744476e+01
-8.410165490782470954e+01 -8.371298581167934572e+01 -8.391372252413847832e+01 -8.351274498037194860e+01 -8.451740516732341746e+01 -8.399650800253365901e+01 -8.391780867517147158e+01 -8.450649805458827757e+01 -8.376461353527707843e+01 -8.402297153023168619e+01
-8.464961710182140564e+01 -8.408462978145814759e+01 -8.319694649641833450e+01 -8.429206383562518567e+01 -8.443756425268462351e+01 -8.346633466096484710e+01 -8.405631293708560747e+01 -8.433564830967000603e+01 -8.422226298011045742e+01 -8.415693048658532405e+01
-8.465689110939874240e+01 -8.362582815435018802e+01 -8.342553959384639484e+01 -8.381741821664300574e+01 -8.420753915142583423e+01 -8.397879452445651793e+01 -8.404778928889901124e+01 -8.457357132215435058e+01 -8.461592345306821983e+01 -8.420455876261607386e+01
-8.350970518858973435e+01 -8.397243519915777199e+01 -8.415412000682061944e+01 -8.413043488149426707e+01 -8.413785131435490428e+01 -8.387840763530905974e+01 -8.438804004164154549e+01 -8.435386834743033546e+01 -8.478169672912727606e+01 -8.393007214935204274e+01
-8.415696082694809377e+01 -8.347690168500382413e+01 -8.405891969418279075e+01 -8.439596740651687412e+01 -8.432362772540508900e+01 -8.366942140844241749e+01 -8.412844890644713303e+01 -8.476243057533959302e+01 -8.415307859002081159e+01 -8.392659202688689390e+01
-8.454049072497116413e+01 -8.360052265617920852e+01 -8.407718281868739041e+01 -8.376260074191246474e+01 -8.420800059793742776e+01 -8.346104030190501533e+01 -8.403071246055073118e+01 -8.428193026890376416e+01 -8.516649560740262359e+01 -8.351855313944535908e+01
-8.447978706584018482e+01 -8.405333709575528189e+01 -8.374727300150352960e+01 -8.355744217964563347e+01 -8.445846118377104972e+01 -8.436597170217885377e+01 -8.413106012914882115e+01 -8.401919732785896144e+01 -8.394954789815605523e+01 -8.384742248707468093e+01
-8.429477658641427240e+01 -8.361372726961272406e+01 -8.341142169480120572e+01 -8.386012512074790948e+01 -8.384079102472431089e+01 -8.401347391162322253e+01 -8.428592643024792608e+01 -8.385066816752859609e+01 -8.400408372975039129e+01 -8.393846159207329549e+01
-8.413994461526159796e+01 -8.372390150647532892e+01 -8.374179254147594520e+01 -8.338361814477725886e+01 -8.468818200413898012e+01 -8.349287866566328375e+01 -8.416367654531997289e+01 -8.426648780360559954e+01 -8.471869666266287879e+01 -8.398496925190420370e+01
-8.385284693857211380e+01 -8.390161293368454665e+01 -8.357631573357258503e+01 -8.353671540520670646e+01 -8.469569619065134702e+01 -8.392245487792293090e+01 -8.427892171203653504e+01 -8.489354481708997469e+01 -8.393530741679751372e+01 -8.362384227749114984e+01
-8.371240421656622743e+01 -8.359592353989550872e+01 -8.363705482143421932e+01 -8.336544719245061685e+01 -8.419357554997799298e+01 -8.412363184923299286e+01 -8.376418791127638031e+01 -8.451067853462042478e+01 -8.430851903868722275e+01 -8.353722400192597775e+01
-8.386639168412658307e+01 -8.414851856377465822e+01 -8.339931019587463368e+01 -8.396200851794345965e+01 -8.419075359207704423e+01 -8.383441494524926441e+01 -8.476103495398338339e+01 -8.452323802483931559e+01 -8.349291896461410545e+01 -8.357961434106358922e+01
-8.392492262209147214e+01 -8.357057227279310041e+01 -8.394131426878233526e+01 -8.414682901647191215e+01 -8.369552721922151761e+01 -8.382135497339511687e+01 -8.473450675645271701e+01 -8.458720751462335841e+01 -8.405478770302556768e+01 -8.409028276419641657e+01
-8.404890938445191750e+01 -8.332529615394165035e+01 -8.382594503005934428e+01 -8.373369841557602911e+01 -8.454330518434660746e+01 -8.324813513264957976e+01 -8.407686116652919850e+01 -8.456256816285433331e+01 -8.410861332139275248e+01 -8.369748174083377990e+01
-8.374179849039826706e+01 -8.415178458691460150e+01 -8.369827795788370395e+01 -8.371706017792104149e+01 -8.465311099681359508e+01 -8.432012232262751183e+01 -8.406564845521786822e+01 -8.440951892367394294e+01 -8.412262669409099658e+01 -8.422617231880846589e+01
-8.382111185612862414e+01 -8.400195610420452397e+01 -8.376618132296238173e+01 -8.350934213616589830e+01 -8.452586521016191057e+01 -8.343951903932922676e+01 -8.419075548951921917e+01 -8.471074493715299525e+01 -8.416203657693097284e+01 -8.405928946811380342e+01
-8.397822684840313912e+01 -8.321987939051295768e+01 -8.364799601728097400e+01 -8.356563338103474337e+01 -8.439904496233717168e+01 -8.387200257597471875e+01 -8.407338598760860293e+01 -8.405413060809929959e+01 -8.371081998539446545e+01 -8.358298918340352657e+01
-8.411328240383831201e+01 -8.381445040819518510e+01 -8.396459995673787091e+01 -8.361791769984809264e+01 -8.360137349450407385e+01 -8.376059161604621295e+01 -8.413386611461051245e+01 -8.516671841942597609e+01 -8.414304467967082246e+01 -8.378713521041686363e+01
-8.370705887865351258e+01 -8.355237005171190390e+01 -8.367474836597803289e+01 -8.359672386874404992e+01 -8.439433066057708288e+01 -8.407160919066936344e+01 -8.390785052810520028e+01 -8.437603030978463892e+01 -8.426653817037704641e+01 -8.423581661273807697e+01
-8.441784547318137299e+01 -8.378211691201225619e+01 -8.400312877270437184e+01 -8.350169476355816300e+01 -8.414127112157216004e+01 -8.366878456401340713e+01 -8.390069018819210100e+01 -8.415219817747187392e+01 -8.447159193276756639e+01 -8.392011538043615815e+01
-8.399599681628743042e+01 -8.353279545325790423e+01 -8.391931225964489727e+01 -8.439458990295341323e+01 -8.452004322926346447e+01 -8.369232605691212257e+01 -8.407910585541269199e+01 -8.457941477143050690e+01 -8.399919076653297623e+01 -8.415722259992408283e+01
-8.414617123305889379e+01 -8.398362408011905700e+01 -8.335728855328240172e+01 -8.394690383762262798e+01 -8.476374949130385517e+01 -8.367195597861645240e+01 -8.353195682944195255e+01 -8.504271779828606270e+01 -8.440270607583215678e+01 -8.360503488090461133e+01
-8.418725364949388279e+01 -8.448441226524401770e+01 -8.414705795250296205e+01 -8.363733349110390236e+01 -8.426236869059214030e+01 -8.403596917634658325e+01 -8.444431371195561553e+01 -8.398143134308941171e+01 -8.400534067347595624e+01 -8.370241604505172006e+01
-8.407851049806026822e+01 -8.443882680852907185e+01 -8.374112747975894422e+01 -8.339910901707220603e+01 -8.442293482562769213e+01 -8.385681463416455017e+01 -8.361078610742329431e+01 -8.393407537824475639e+01 -8.441552759799955652e+01 -8.334163960646142755e+01
-8.399267389752857582e+01 -8.416775339822119406e+01 -8.415093847542489414e+01 -8.357059062128095661e+01 -8.460671192310867639e+01 -8.378243083752255416e+01 -8.431198306446918878e+01 -8.498091720906117530e+01 -8.455792884749985205e+01 -8.392302003276392952e+01
-8.472150651528438914e+01 -8.398097010910439053e+01 -8.375109569677715626e+01 -8.389542711496306993e+01 -8.438468783533639339e+01 -8.340911415426010933e+01 -8.400671987810324026e+01 -8.437253878671288021e+01 -8.431644901380991541e+01 -8.464601915619300598e+01
-8.433729271948354267e+01 -8.361819509602348433e+01 -8.383573497561334875e+01 -8.361688068560951592e+01 -8.512336907850838941e+01 -8.380873350926832188e+01 -8.389483915060597496e+01 -8.447455259877163769e+01 -8.452385491253474470e+01 -8.382832216150434590e+01
-8.379594956906738901e+01 -8.382111186513830603e+01 -8.391982021249110346e+01 -8.366550503643020420e+01 -8.393761947083787334e+01 -8.343614387811039990e+01 -8.438820751760663086e+01 -8.473589453675002403e+01 -8.371474604862513047e+01 -8.421782718846587557e+01
-8.385099980862847246e+01 -8.377116416600550508e+01 -8.373198259577530678e+01 -8.308306007136789617e+01 -8.456930756564959495e+01 -8.310242340934310334e+01 -8.443019475470310908e+01 -8.397524800490188568e+01 -8.465094816953687484e+01 -8.309238059314797908e+01
-8.415582869649256281e+01 -8.403923135371367437e+01 -8.359486282584747130e+01 -8.377603919025348489e+01 -8.437806810333529484e+01 -8.371237839960463134e+01 -8.390812627271989754e+01 -8.425225407688638768e+01 -8.426461706303237520e+01 -8.376660067449043368e+01
-8.449908203389141192e+01 -8.394782312874809804e+01 -8.403541156570730664e+01 -8.344711270777069956e+01 -8.483438158689993713e+01 -8.352755325402544884e+01 -8.408401196309564796e+01 -8.439967409477412730e+01 -8.461174963743947330e+01 -8.420805011289168363e+01
-8.372179523538966350e+01 -8.391684700962808563e+01 -8.412629736214056209e+01 -8.372498292133792575e+01 -8.471536662214967350e+01 -8.391474161991848746e+01 -8.408800119681080787e+01 -8.461025718875558255e+01 -8.486294011667142456e+01 -8.360511958344636696e+01
-8.383364458009778275e+01 -8.345639775505240721e+01 -8.398082472648779628e+01 -8.392576538025167565e+01 -8.412752756219278183e+01 -8.461982570241779911e+01 -8.419825309036545491e+01 -8.466667160094984013e+01 -8.405095801657290622e+01 -8.435063860574574335e+01
-8.432643630230595022e+01 -8.338835751017957421e+01 -8.370241363361797937e+01 -8.408249735964571414e+01 -8.428779787073472107e+01 -8.431484960254083205e+01 -8.380814981717978185e+01 -8.360980462881066444e+01 -8.444906792675199370e+01 -8.336892514184506808e+01
-8.424890781460976541e+01 -8.361090610436357906e+01 -8.407616061364882398e+01 -8.385970544641274671e+01 -8.431893981051346998e+01 -8.389241618246454379e+01 -8.382265770747051192e+01 -8.466727864582281882e+01 -8.451674614442126199e+01 -8.366592853506128336e+01
-8.449710888368724682e+01 -8.408281962289474620e+01 -8.394908319167029731e+01 -8.371665736856766671e+01 -8.467595606343003567e+01 -8.436877013896872768e+01 -8.432575519610057313e+01 -8.444014062213486227e+01 -8.469989195925306547e+01 -8.414685380276797844e+01
-8.408667664895955340e+01 -8.482999776080913534e+01 -8.369421147943515393e+01 -8.388710199114483146e+01 -8.441716793277818454e+01 -8.393606230765993814e+01 -8.442835851486957210e+01 -8.466724240680770208e+01 -8.356831000341459514e+01 -8.433506512219683771e+01
-8.400493859809803610e+01 -8.360680811925958267e+01 -8.341322698034962002e+01 -8.404896962497014101e+01 -8.399121972798315028e+01 -8.352801184467226392e+01 -8.376736728651695785e+01 -8.481364071720213360e+01 -8.417205437348694375e+01 -8.349170160330818646e+01
-8.439659526235521980e+01 -8.408513838157125520e+01 -8.391239613641009498e+01 -8.381658197571272240e+01 -8.434239430374256585e+01 -8.419688925891006193e+01 -8.418115224641901762e+01 -8.502223870190603350e+01 -8.393016190238384411e+01 -8.356832105336648908e+01
-8.370667803636663962e+01 -8.372112653316466435e+01 -8.367882915879944505e+01 -8.398403135413421694e+01 -8.436264942497945185e+01 -8.377827210445276762e+01 -8.408791401512124253e+01 -8.414326223195116938e+01 -8.408952986285738973e+01 -8.368963647648439519e+01
-8.433501991404752118e+01 -8.288376593845647733e+01 -8.298978141956334298e+01 -8.318077740632098482e+01 -8.442756707651605552e+01 -8.425606055615862999e+01 -8.461431883793849806e+01 -8.459451062188338710e+01 -8.366103437629384132e+01 -8.401993190892333985e+01
-8.434628892886549067e+01 -8.348842178206686526e+01 -8.399416549591822445e+01 -8.387651988712684670e+01 -8.434305477846464782e+01 -8.356765648617624720e+01 -8.384011484937884973e+01 -8.408978882561387991e+01 -8.445757246201486623e+01 -8.394981383441086109e+01
-8.379609548106076033e+01 -8.447884101191316120e+01 -8.350377795766131328e+01 -8.379514984165521696e+01 -8.466436285337670142e+01 -8.377683917610156072e+01 -8.457091596554910495e+01 -8.392384337400351058e+01 -8.393643592268347220e+01 -8.370631272985906435e+01
-8.425121327632339785e+01 -8.373823814465201565e+01 -8.360757835300613294e+01 -8.392155656970368227e+01 -8.469641480023545910e+01 -8.355799558843041552e+01 -8.452336929414639144e+01 -8.404470977918285257e+01 -8.438394637903716955e+01 -8.416325347503763510e+01
