-7.087402665460577111e+01 2.909497400370488052e+01 -7.271364883254570088e+01 -6.786547125725645913e+01 3.558289565974669166e+00 -6.448771538892684418e+01 5.108388156275375991e+01 5.074324677296849018e+01 3.567897020226178029e+01 -5.541820148457527750e+01
-7.021540481172421266e+01 2.935739716254825993e+01 -7.338035071484671334e+01 -6.865408307710846714e+01 3.031714565736131739e+00 -6.451610742191337522e+01 5.008537144544780517e+01 5.070382006106895290e+01 3.524444552744932224e+01 -5.530522954807708658e+01
-7.038837927216998480e+01 2.943406348991685917e+01 -7.292140278321377878e+01 -6.827012923355820817e+01 3.018424611786673317e+00 -6.436020154770668000e+01 5.103121609175833839e+01 5.064179226818080082e+01 3.565336794074507054e+01 -5.637387266523149520e+01
-7.052825874799590622e+01 2.918019755039705387e+01 -7.323729966211875819e+01 -6.801758736904083946e+01 2.886367836323394442e+00 -6.442461110518726741e+01 5.023865611898693828e+01 5.110517021614950295e+01 3.521440309957591097e+01 -5.636102967965628352e+01
-7.023397479643323038e+01 2.948364892550691252e+01 -7.303911905091447920e+01 -6.874022746778534554e+01 3.250183155150510039e+00 -6.460926061819480992e+01 5.068042853265104952e+01 5.049039036364733590e+01 3.589434665622320608e+01 -5.621655805866092948e+01
-7.080303827665957783e+01 2.910454853815068788e+01 -7.309025524273039309e+01 -6.893957842267835190e+01 2.940503687225372698e+00 -6.444382734103965049e+01 5.159878191219476662e+01 5.062030782603245171e+01 3.629233449037786841e+01 -5.605092325938700526e+01
-7.042288823235367090e+01 2.895877779087942372e+01 -7.337594445005939292e+01 -6.882584788441370449e+01 3.221980281766940735e+00 -6.451713121272537421e+01 5.064580744946610480e+01 5.068360766409576001e+01 3.544077511156077520e+01 -5.587416594561275218e+01
-7.078285097093744582e+01 2.867224143456092378e+01 -7.313396696458923429e+01 -6.867186032196825352e+01 3.944827339211304018e+00 -6.485978800278441270e+01 5.120731266766183154e+01 5.048559524849778057e+01 3.593560065028177064e+01 -5.577578641283317751e+01
-7.048952402210549906e+01 2.944438249041952815e+01 -7.388477696297309194e+01 -6.895813731954581272e+01 3.536849333472086521e+00 -6.456176145482372419e+01 5.067201044207976679e+01 5.097486408469071506e+01 3.565321305466197543e+01 -5.602294053230070148e+01
-7.025424442663369007e+01 2.914499454633926590e+01 -7.291011122882997597e+01 -6.810476170075121161e+01 3.217790527121935806e+00 -6.471707161237205241e+01 5.051198090323717338e+01 5.100768379295594457e+01 3.613855572771380054e+01 -5.579419907468446382e+01
-7.069765815216513261e+01 2.890425113636900534e+01 -7.308880736914710496e+01 -6.811277437570274174e+01 2.737909811603167043e+00 -6.449558235121178029e+01 5.046668851220193375e+01 5.085822308146295967e+01 3.546644231445286977e+01 -5.608513851262733141e+01
-6.997531765296110962e+01 2.918503043904910399e+01 -7.314161799206030423e+01 -6.918002248428119572e+01 3.582589875715489924e+00 -6.495984593990354483e+01 5.066024654000194261e+01 5.070804859086315020e+01 3.545008560134992592e+01 -5.587595380280196622e+01
-7.053258705385003680e+01 2.948767755490440479e+01 -7.292071900823586361e+01 -6.875482996020321025e+01 3.629013649992287149e+00 -6.473389300339957231e+01 5.160248929160387377e+01 5.069916258409738674e+01 3.541195750455965907e+01 -5.626033598761172527e+01
-7.068498987740848349e+01 2.991888027044187837e+01 -7.327245469723477811e+01 -6.888536976662156519e+01 3.248976865893819177e+00 -6.425693076885335131e+01 5.145913250248803195e+01 5.068504243035407342e+01 3.538622843852594713e+01 -5.636712425719156982e+01
-7.004565864155671306e+01 2.896813156768394393e+01 -7.293448951675698311e+01 -6.840146155847486398e+01 3.100038138980854008e+00 -6.466462652035316694e+01 5.125264144546478917e+01 5.054343520714579086e+01 3.554412123553095881e+01 -5.645413518650931906e+01
-7.051289624534393852e+01 2.900828814892956586e+01 -7.277602531513748829e+01 -6.800589909010346901e+01 3.485729863853887167e+00 -6.403759108792836230e+01 5.095915421630331821e+01 5.079767384905991179e+01 3.572627035280191876e+01 -5.553767596466007461e+01
-7.048593536065597220e+01 2.965730809756881925e+01 -7.305089185352910874e+01 -6.842641748836693694e+01 2.789825112597367429e+00 -6.445723938748389514e+01 5.145746172515458028e+01 5.026359516044743714e+01 3.578855323466401472e+01 -5.576291126984273205e+01
-7.050350906519236105e+01 2.907185602789089884e+01 -7.299687978920590581e+01 -6.843448143197690570e+01 3.176698843296136054e+00 -6.456860401038753139e+01 5.095229374360945229e+01 5.029560843691132987e+01 3.578070324722985163e+01 -5.602568627422910197e+01
-7.035206515462736832e+01 2.928494120840677795e+01 -7.356533028834051890e+01 -6.881567949121897243e+01 3.262019566639276391e+00 -6.372769570953757068e+01 5.083882201532683354e+01 5.113958469083008396e+01 3.537596172027573260e+01 -5.580549287747333409e+01
-7.041543654818606512e+01 2.883166806291285411e+01 -7.353639570209368514e+01 -6.876299459068592057e+01 3.517175207793331815e+00 -6.427348392186962656e+01 5.091241931539681786e+01 5.032691720028596905e+01 3.604977471048869120e+01 -5.553607043499437879e+01
