-6.187389310239521478e+01 7.488047825096916199e+01 5.022493236414504736e-02 5.973409795437524394e+01 6.105227234274693160e+01 -6.943063919156307406e+01 1.787908667570266630e+01 -8.698306414823657917e+01 9.609365145546195208e+01 1.977413413126515707e+01
1.806542687720273932e+01 1.135014674663976564e+01 -5.724908348566013672e+01 1.539283300080079187e+01 -4.138738636297109963e+01 -1.363185195671805161e+01 -5.605923203269329491e+01 6.048279410184775884e+00 7.005723357312834310e+01 -8.380310122687184560e+01
-2.921935203537032066e+00 -2.776222551961794238e+00 5.133862498006325836e+01 -4.561029786187109636e+01 3.207508103805187716e+01 -1.670621698863857318e+01 9.248645596052566020e+01 2.006681895538011418e+01 9.871076246673027299e+00 8.104046825154898670e+01
2.725287861884473273e+01 6.071161199321534241e+01 5.727684136297710893e+00 -5.479640723817951198e+00 -9.507713981214891419e+01 -7.744912644322468509e+01 5.440222568374585421e+01 9.776740967691731043e+01 4.012276722617878022e+01 9.683538989545340314e+01
-9.151235607966499686e+01 2.592489483556808239e+01 -7.939358572080087129e+01 -3.871817434915716660e+01 6.232280347921397379e+01 -8.588807835264758239e+01 8.721169828836750071e+00 -6.846185964714968009e+01 5.103756948607528443e+01 -4.503134673108644392e+01
-3.297116062471918951e+01 8.307697634628553374e+00 3.456244679507159390e+01 9.712128113747289149e+01 8.415723458914473554e+01 -7.955736204229381769e+00 6.716657363581728646e+01 -2.630952835626332842e+01 6.685889864153438111e+01 9.982765009153084179e+01
-2.744972140844770081e+01 -4.121227071070549641e+00 7.263488499842350166e+01 -5.671784133944773032e+01 -5.935724917601312711e+01 8.805558733131732652e+00 -8.192187004839283304e+00 -7.929677516614701460e+01 -7.314757240990019227e+00 -8.411303122799020571e+01
-2.623707645666868871e+01 6.723845150301443141e+01 2.100219367936327330e+01 4.322934421676242778e+01 -7.100651437450271430e+01 -1.406698304807588329e+01 -3.174490298485812900e+01 3.225172877537627869e+01 -8.570239368911501288e+00 2.256892669623337611e+01
-9.405962914933843422e+01 -8.300332987045071320e+01 1.357411798549811976e+01 -3.449439233680573125e+01 1.056018287467226457e+01 4.605604134129117710e+01 4.071334445254868228e+01 -6.991104702356578571e+01 -2.522342925682366399e+00 -2.846791495685670270e+01
3.079284173011993175e+01 -2.689672825581115490e+01 4.200715694460106420e+01 -9.730943346647991632e+01 7.678122666061281620e+01 -7.839372027380747454e+00 -3.361747503483776711e+01 -9.018185866364657954e+01 -6.048747274637624827e+01 -6.751510040288621894e-01
6.242474576779747508e+01 8.033783483342904219e+01 2.251658208124858618e+01 8.052903644981370235e+00 -2.515787618611568632e+00 6.037218777249637469e+01 -6.341433371206491643e+00 9.951969229125870697e+01 -7.184143838444225594e+01 -1.523107376152171355e+01
