2.733954651724607743e+01 -3.139045438532311039e+01 2.278229219734984667e+01 4.612884616284679851e+01 6.988634941758186869e+01 -2.757637980849933967e+01 -3.983636255857778963e+01 5.942038018843902591e+00 1.464605862125252145e+01 -7.699979111775149931e+00
-5.064620698477983751e+01 4.860018769468771893e+01 8.473222367940709887e+01 3.240347239659979550e+01 4.022373449828617709e+01 8.532973658759038926e+01 7.110770831123193148e+01 5.378022558049445934e+01 -7.659931486261754685e+01 -9.298363574555699529e+01
9.413498539917881658e+00 5.738263174306084125e+01 -2.816330642713411692e+01 -2.585301732497389082e+01 -6.345493716795067485e+01 -6.148387146377922363e+01 1.895694431495252275e+01 5.399672016314295320e+01 7.803000722775786357e+01 -9.856419659762040908e+01
7.665400144527481530e+01 -1.230083067718447865e+01 3.189050583646238124e+01 -1.449680171393268324e+01 3.076679024068363333e+01 6.728298374137352766e+01 -2.268569878289963526e+01 -1.954448873609486270e+01 8.260083046020764641e+01 -7.779863487313072312e+01
-9.848791147256288525e+01 -7.936424017914968942e+01 5.293150142196012098e+01 4.283225250358003677e+01 2.955714537513458140e+01 -9.040833482235379392e+01 -6.987169707240188643e+01 -3.976425820021172086e+01 2.359985559215461137e+01 -2.718138334568874370e+01
-7.069975778508698738e+01 -9.268133034869691755e+01 3.223717079391948914e+01 -6.553669336384935207e+01 -5.827913571225198552e+01 1.539445018743934668e+01 7.815547327460896554e+01 -3.226468665087418231e+01 -7.583331404217562977e+01 3.640097159275100580e+01
-1.007051809547974131e+01 5.080350382950709331e+01 5.870718531477393753e+01 -4.186278746901406578e+01 8.328306942073260188e+01 -3.176813875308724278e+01 -7.943056255302531099e+01 8.116670288680839462e+01 1.930974059828103861e+01 -7.494352075589924311e+01
9.088503585358125747e+01 3.520762710974256038e+01 -8.199876757554264373e+00 8.149824022825308134e+01 -8.749276797972277109e+01 -6.720959885669034861e+01 -3.313962494918831680e+01 -4.493578138455202975e+01 7.906107622921607003e+01 -2.976868633438516554e+01
7.326900820715823670e+01 1.045571834977114634e+01 -3.535853576717975955e+01 8.050408148377735529e+01 -7.196013532108061383e+01 -5.521803900945438670e+01 -7.484053757050944000e+00 1.318501872618271875e+01 9.657283675491905228e+01 -7.248801604036165713e+01
3.325808426104080695e+01 -8.547079993976538503e+01 6.317401844634778740e+01 -4.598532093768519502e+01 -9.885612587764893533e+01 2.203889752361223486e+01 -1.972825299353853268e+01 -3.146833290007668893e+01 -6.724735728692010639e+01 5.453506277932709168e+01
5.060365363076272160e+01 4.269452487540124253e+01 -1.839925658782021856e+00 3.896756133723127391e+01 -2.224857815824377383e+01 1.651718128877890024e+01 -8.667417375871950469e+01 5.832804707809566480e+01 2.815438956427286143e+01 -9.222645621867351906e+01
-2.289060581782862869e+00 6.755983308197215820e+01 9.459344605149198060e+01 5.631888614811236948e+01 4.823610932534685958e+01 1.777780840093015513e+00 -8.312234702451443979e+01 -9.231012420443644828e+01 9.721294519526176714e+01 2.902757857514114903e+01
-4.154075548252436079e+01 -2.259070485971703590e+01 -5.817577697459785924e+01 -9.331652352035071374e+01 8.549668731130410038e+01 -3.646149452453472861e+01 -4.200282604593017766e+01 -7.708912275209087284e+01 -4.400602320242995802e+00 6.097573853880459183e+01
5.931386974621602803e+01 3.450125837832302977e-01 2.823720132351553502e+01 6.713396418107262775e+01 -3.126178964702704377e+01 -7.623683752613959541e+01 2.519055553569282324e+01 8.173638726937915067e+01 4.834537001656985922e+01 1.104153123943211767e+01
-7.935390938143855522e+01 5.701009270960216213e+01 -2.001648479127328528e+01 3.222841903564935251e+01 5.633732604344930905e+01 -8.737147537806643527e+01 7.660775633817030439e+01 -9.424479741713781777e+00 8.008941161426093913e+01 -9.965350291299255048e+01
-7.662962558342086083e+01 6.746772884479398158e+01 6.142284555434650883e+01 9.097042195523869168e+00 2.539788220891401238e+01 3.492053540594005767e+01 -1.961296603314681875e+01 -3.986104129964189724e+01 -6.755487384331829048e+01 -8.591525655262279315e+01
2.676097989011240941e+01 -2.673573342675175013e+01 -6.175538733667274016e+01 4.837711523029099681e+00 -5.709324848390879481e+01 -6.723966810198464827e+01 3.920397528106795448e+01 -5.834239128183025258e+01 -5.449991546626131367e+01 -1.328068206746380042e+00
3.478150972725651968e+01 6.714478502511266811e+01 7.035323641875643830e+01 -5.225269661228318085e+01 -1.725918239888144967e+00 -4.205702835020957764e+00 2.799427383681243953e+01 -8.723148560077329705e+01 6.580479458870712506e+01 -6.105297630256822572e+01
3.785966608509045273e+01 4.155394733820875786e+01 -5.604491597146918735e+01 -8.747348090701258627e+01 -6.581798891281439978e+01 8.835899734282429563e+01 -6.716462713558067321e+01 -2.040963122545844044e+01 -4.544064611089839900e+01 -5.479541703950869902e+01
-5.732828307755497832e+01 -5.438048655302765155e-01 7.874313159097309267e+01 4.266786597953830551e+01 -6.846740956756558205e+01 9.975323330091666207e+01 4.367609972223297632e+01 -4.369062404560426671e+01 3.111258034863709554e+01 9.083061552113844073e+01
-9.933912840710148373e+01 4.424578739126513938e+01 2.528446071931517736e+01 -5.054222575992708499e+01 4.849127916973165497e+01 4.987931335918074183e+01 4.118459935157321183e+01 3.961026855076693209e+01 1.446390192244084005e+01 7.164317459616702877e+01
2.033873091269298072e+01 3.987459955448798610e+01 8.754754656174128513e-01 2.745852874065562332e+00 -8.740883654819400306e+01 9.846389496039506639e+00 9.081566028778095756e+01 -1.626503499279866105e+01 1.090881088707318725e+01 1.487403780655296259e+01
5.222523685044919262e+00 -9.740123746156821483e+01 7.579484755608370961e+01 2.769872552444481073e+01 5.834011583680052127e+01 7.880305550314420771e+01 2.666463373011471560e+01 2.187105093526815836e+01 5.619905880572670753e+01 -5.081091143124840670e+01
-4.586882145457409621e+01 6.248891793160396446e+01 -2.233545506301794603e+00 -3.946613797281772662e+01 -5.205227123746725226e+01 4.779350045114128420e+01 5.950642924138850276e+01 -8.799131034762996251e+01 -8.061869329328806089e+01 -2.704115364942589395e+01
4.500694454049218507e+01 5.153492174911147572e+01 -3.477443404562181684e+01 -9.812718454867948026e+00 8.420599311404535570e+01 9.781610205389310408e+01 6.583515287508924985e+01 -1.652404030297761039e+01 -2.941151790115183928e+01 -2.542402870125799552e+01
4.192574611404529605e+01 9.456753526024806433e+01 7.311853319514989380e+01 -2.201126235201644477e+01 2.862593734407653301e+01 3.023159120367324704e-01 -3.083736696128485733e+01 8.896612314656488252e+01 5.376138493498808657e+01 8.707155044575210923e+01
-6.394721889224450706e+01 -1.718089552709081147e+01 -9.054071195195356836e+01 1.502086464743726424e+00 -6.033110371053749077e+01 7.877714337628285080e+01 -9.806030902309758801e+01 5.967282569333752917e+01 -6.808230161214727616e+01 -7.783997420809222945e+01
8.985667109129639130e+01 6.789722166490523136e+01 3.398133158602587400e+01 8.042034220792032784e+01 -3.010127292793140441e+01 9.966142885633914261e+01 -9.931540677626715308e+01 2.864391501871082824e+00 -1.292261805377106043e+01 -5.405490769124278927e+01
2.774822794893087519e+01 -7.424670426231273268e+01 4.140477498992461847e+01 -7.158323561964792248e+00 -7.389172165774897394e+01 -4.881115472221490847e+01 7.923720155867150083e+01 1.437403554336545142e+01 -9.669101453536072199e+00 -9.229447028959134514e+01
-1.991631447996007864e+01 -7.605870581329284619e+01 -7.281596544250676573e+01 -5.306594415486640770e+01 -2.894511198696477550e+00 1.986837883656582449e+01 7.537425506627158711e+01 -9.449881478808590884e+01 -6.035993834697936933e+01 7.451708584612518393e+01
9.412173172620563832e+01 4.240651736302660879e+01 7.747053291779286610e+01 3.412956443027928799e+01 6.231252630832020145e+01 -6.450879108192589229e+01 7.677435732711174410e+00 -2.645440813444106709e+01 -1.015662993707209694e+00 -3.023875638812107525e+01
-6.729709463299514027e+00 -3.319976489305634004e+01 -2.680996294315482942e+01 3.240659481820924270e+01 -5.023279591424911672e+01 7.388131440008351092e+01 7.737830254799402496e+01 7.008609123853167944e+01 4.292636555595885284e+01 1.580696348003405660e+01
5.634940485364182905e+01 8.569347247966575765e+01 -6.639108740427175803e+01 -1.708994259293783102e+01 6.000964137556735523e+01 -7.158947321495097071e+01 1.297423853903723057e+01 -4.410813479216213295e+01 -2.782900321161801571e+01 3.767688732967437204e+01
-4.813580612622874355e+01 5.868006577666150747e+01 4.090579921124731300e+01 -5.892970214290191677e+01 9.335564359481853103e+01 3.524484015530177317e+00 -1.952306049418869804e+01 7.923394441082430717e+01 4.841682391833714405e+00 8.975419241381726465e+01
1.822465642269077080e+01 6.557695423020598469e+01 -4.359393969536380098e+01 1.013365000951733919e+01 3.058410726908221022e+01 -3.592360181781215545e+01 3.606373487411673295e+01 4.360070955095579848e+00 7.514253995068344238e+01 6.016744146870496479e+01
4.602404539187432420e+01 -5.803440358324962745e-02 -6.594678190654320815e+01 -6.108478848333112410e+01 7.158870347511117416e+01 -8.676238914132272839e+01 9.109143540922937632e+01 1.598057778261805595e+01 -9.673398322252167247e+01 -8.931342289593884232e+01
2.907878989809597670e+01 9.513487527192978632e+01 -2.453124022895150347e+01 6.951877897324453670e+01 5.885683320861247125e+01 -1.682142058823224318e+01 -3.920803688234399687e+01 -2.025265123167000070e+01 4.922500753509785909e+01 -7.720710410751765096e+01
-2.268368256427730500e+01 -4.079399192828206111e+01 -5.480264915403850523e+00 3.087463886413684122e+01 -5.841010130400001543e+01 -3.080007927679670843e+01 -5.661546380174007709e+01 2.051928446551954721e+00 7.796869701567948141e+01 -9.740024310490018422e+01
2.524218949377564059e+01 -4.205731930134255236e+01 -1.549225115966778787e+01 6.317702877195236510e+01 -9.135371658650322502e+01 -1.926075540177620837e+01 9.637571532790090600e+01 -8.682929775551086493e+01 5.543484172668794940e+01 -8.740162048791368932e+01
7.370684534226597862e+01 -8.088797568898264956e+01 -8.031958660929556970e+01 -3.169875435785802154e+01 6.558022890246667203e+01 -5.453658569762656327e+01 8.104462735019396291e+00 5.348843216092319608e+01 8.371491883506612908e+01 -9.009432236576016351e+01
-6.050828152944365002e+01 6.466057630097108699e+01 -8.533844090297574780e+01 3.279925195673305893e+01 3.243882976086715075e+01 -9.306159085325333535e+01 1.321814247216397575e+01 -7.196593447873908644e+00 9.788918264768571476e+01 -4.123050358785525304e+01
4.852939361178076183e+01 -3.575473032461933087e+01 5.797408745307538425e+01 7.557448658832794308e+01 3.854326662338135634e+01 8.836147863440444894e+00 -1.081033812755420342e+01 -7.162256151674746718e+01 5.021760602373828419e+01 5.643936085488491017e+01
-1.881331065180351914e+01 -4.698551446388081843e+01 -8.323020811420317955e+01 -9.146519116371926827e+01 -5.400221670423437104e+01 -3.449176719204007213e+01 -9.491487663554205767e+01 -7.705304476286893589e+01 -4.419209600921873715e+01 1.158889524907445434e+01
-9.552461725613652277e+01 -7.758214259567377269e+01 4.296046283713798175e+01 7.266870233726109518e+01 -4.639040453733336022e+01 -7.456185917019131182e+01 -8.884219458311228834e+01 3.660785881937039221e+01 -7.190656473663213433e+01 1.752984929160983540e+01
2.659617522954445690e+01 4.465496488415328713e+01 -1.996551667447823775e+01 -2.664162154479048183e+01 6.225598116984883745e+00 4.716835706990812582e+01 8.651999423229449349e+01 2.697535593640240847e+01 -2.352877110522962312e+01 -4.178167965150405649e+01
-7.785410771353325288e+01 8.690892059586587948e+01 7.711586555400432985e+01 7.343369898186742262e+01 7.754791064090633768e+01 2.902167855798231244e+01 1.223748447773813552e+01 -2.848535540457429249e+01 -4.351583623370611775e+01 -8.432525178168721425e+01
2.004328870396700779e+01 6.772899374801261274e+01 3.284514093482809471e+01 5.808435653735972437e+01 1.108837215117164021e+01 -2.661717377720648869e+00 8.077301527861089880e+01 9.078737624312029197e+01 -3.139146286172247358e+01 -4.534576963200882460e+01
5.502515937095259346e+01 9.600143479677117853e+01 -8.643049013328878516e+01 -9.793207700412655470e+01 -6.598470937499968159e+00 3.589298458238076250e+01 -2.901373961451858463e+01 -7.038453460651356863e+01 9.021849153714748581e+01 -7.153702613546614941e+01
-8.872679786576583183e+00 -3.238413648966711378e+01 -1.401710692823726845e+00 -5.681663694777287787e+01 4.415884008124487536e+01 -8.970202571494603205e+01 4.257381881047888328e+01 7.482350370564321906e+01 -9.782893998271111968e+01 5.309914929371345238e+01
-1.853541256950452976e+01 8.078403932415221789e+01 -8.461664374979660863e+01 4.757179854515277384e+01 4.701627366387344864e+01 9.084878903374584524e+01 -4.119592243287295474e+01 -7.444485056181721916e+01 1.171019878788115420e+01 9.301047411820343314e+01
-9.731830948359771583e+00 -8.884944354370590247e+01 -3.067714363984666193e+01 -8.594961136107272637e+00 -3.510240446184411667e+01 7.286144351164992372e+01 -2.281238273202038158e+01 -9.873355384388918310e+01 -3.796841264234011959e+01 8.103141087325127501e+01
-1.386560364467015916e+01 7.454131201681263974e+00 4.421877930343984531e+01 -5.116684246814114090e+01 6.946491275587945324e+01 5.171230642762162688e+01 4.121023497502426380e+01 -7.579468957011650332e+01 1.059666289366391823e+01 2.332033179107695275e+01
6.451462717026760174e+01 -8.272259704061066543e+01 3.467648961803266161e+01 1.912360801761047924e+01 -2.064033752072245420e+01 -5.599431330817282060e+00 4.473123891463669111e+01 -8.990358865439520741e+01 1.931292535353446738e+01 -5.589669931952987270e+01
-4.572549208714305280e+01 -8.649440028300642780e+01 3.057180905761839540e+01 -4.817358979178738565e+01 3.142660451668089650e+01 -7.732251587686292282e+01 3.829994037729795764e+01 6.958386356551170593e+01 -9.955581466590376749e+01 -4.872974904634666160e+01
-4.512247361146004465e+01 -8.579228016777906873e+01 1.003733476582621620e+01 5.009369033662187576e+01 7.543990124917502271e+01 -8.394593848235402334e+01 -8.165797490997637453e+01 -6.266814867411358847e+01 1.540760240211525911e+00 -1.301931777859044814e+01
-2.103240673997997590e+01 -7.969601510372675079e+01 -9.538673323105695090e+01 -2.959291621607403044e+01 9.414994303933158903e+01 -5.695487228133029589e+01 3.816502451061126067e+00 2.982538469232719081e+01 8.212032212143458310e+01 -5.938228966902809702e+01
-3.301290516856252566e+01 -8.292369335855080692e+01 -3.597294431295665618e+00 -5.054172438039088178e+01 1.084680309714509860e+01 -6.994724106580764555e+01 2.627336086078014432e+01 2.995028717577147859e+01 -3.891141377476512275e+01 8.639737899844521962e+01
-9.650713006033160468e+01 6.757368117005029262e+01 5.773194729518834833e+01 -2.670427402045578447e+01 8.905158722387253079e+01 -2.612960006875265151e+01 -6.195418656868807261e+01 6.170384076686008257e+01 1.304072881070959511e+01 -1.792672441342814693e+01
-9.799019038649620938e+01 7.315286665158959067e+01 6.279479227758656634e+01 -5.504008982903035019e+01 -7.019807420507589768e+00 4.820250197056566321e+01 6.577608864266565547e+01 -6.319960587371866723e+01 -3.182746556196352117e+01 8.373184875893880985e+01
-8.261948436676105700e+01 9.575997261243833236e+01 -4.564028442885743431e+01 4.084402676217266048e+01 3.598864921679728468e+01 5.154268686072822447e+01 2.649744292645712562e+01 5.264957710547471947e+01 -7.712582814483164384e+01 -7.250067778221344383e+01
-9.360407114337118628e+01 -5.212508164973333180e+01 -3.603876731178870330e+01 9.243888250172301468e+01 -4.524680829565785700e+01 9.797051700348413306e+01 -3.369888521971455475e+01 -7.898975687949535995e+01 -6.957656389910388839e+01 -7.767661887055032821e+01
-2.594861907549106661e+01 -6.322797559738020112e+01 -5.201655999199354596e+01 7.454525346177754841e+01 -1.627947589358157643e+00 -4.978786270412567205e+01 1.845521405306875806e+01 5.951710534702360178e+01 -5.365277519819827035e+00 -8.841825335025754384e+01
6.594381859552512992e+01 -2.656760312102932176e+00 -1.853585117314689512e+01 -8.755444831645337445e+01 3.796986723892786131e+00 -6.783440690947664109e+01 -2.597957248503355743e+01 5.712831444123327174e+01 -5.897329961422610722e+01 3.492249053434255757e+01
7.214331993050183200e+01 -6.552381994954596678e+01 3.696325473579827303e+01 5.163907296639632705e+01 9.322185911847137163e+01 -8.107988666591063520e+01 -5.045806460956016792e+01 -8.843737912511757315e+01 2.855501734803428349e+01 6.711800050228248438e+00
-4.088300660165631228e+01 1.636181113570522427e+01 -9.435871100165485359e+01 -2.814679633842169437e+01 -4.785402606673816450e+01 -3.209458544362755106e+01 5.530955853850861104e+01 8.962459109083860653e+01 -5.407075444234820338e+00 8.943521487522880875e+01
-3.194569900726833112e+01 -5.767527242976555613e+01 -9.098701150145149086e+01 -2.299585865020014808e+01 8.845509428921815243e+01 5.415921598735840803e+01 -9.905405900693334331e+01 -2.323355830175026426e+01 -8.252966877534689161e+00 -2.107325050690813839e+01
-7.192806230836237091e+01 -4.987729414214396684e+01 2.910948309148361091e+01 -5.252935409384249255e+01 -6.330139523754753839e+01 -3.584408423255906939e+01 2.077475653826978430e+01 -5.908671257105653041e+01 -6.983173082342359805e+01 8.309127573734861016e+01
9.525651820170227779e+01 -8.343754769731425824e+01 7.288105256352815786e+01 -1.993519041082836907e+01 8.088322283138342073e+01 -7.524913595292510138e+01 -9.881890797377208457e+01 9.150048594086450748e+01 -8.831802244560005022e+01 -5.047167612895862021e-01
8.601208929224043231e+01 -5.567182397319576381e+01 -9.426936763431039878e+01 -2.618098766041836711e+01 2.265864279637651180e+01 6.154819502153884514e+01 1.667832238067956041e+01 4.498753279174019326e+01 -2.112034651113347650e+01 7.535696192684378047e+01
-1.192752614955176682e+01 -9.576006380322026246e+01 8.395848537362695652e-01 9.110169939078522816e+01 2.116733650305266679e+01 -5.936448331106212351e+01 -7.704617410383463039e+00 -6.341914301893603323e+01 7.118522392479314931e+01 5.464927733501096441e+01
8.098432383616625430e+00 -6.687494135522351257e+01 7.037176841990870457e+01 -7.577548703087359172e+00 -6.651916598043825957e+01 -3.056160926923725185e+01 3.216760729758402704e+01 1.028891413658408283e+01 5.288678001523535954e+01 5.526023619418904786e+01
-4.025088950001476462e+01 4.536373955553864334e+01 1.111984972815709227e+01 -5.187406203843014652e+01 -3.242876621563364381e+01 -1.381602241169611034e+01 8.615160640750215748e+01 3.120779951490916915e+00 3.706174748219643789e+01 -5.033159511198623903e+01
4.145741507888033084e+01 5.900919566794698312e+00 7.037895101937914433e+01 -7.469169958870196524e+00 2.108673975049555338e-01 8.223554705769734596e+01 1.596766155329947878e+01 -7.838541637479769975e+01 2.597571815399064121e+00 -3.032212329171277077e+01
-9.590254754136083193e+01 -8.397412697435477469e+01 3.284442280242714673e+00 -7.809683670901978303e+01 -2.820667847117283600e+01 9.722507071278380408e+01 -6.579096760444758729e+01 -4.400752708172053218e+01 -3.167542262362970007e+01 -8.219578405712866243e-01
6.143854685194324361e+01 -4.510412881013859021e+01 3.153648807392983144e+01 -8.214761593162356235e+01 -8.991970600180411566e+01 3.743793279766634896e+01 -5.198900164200907170e+00 -6.980169000199731499e+01 -9.304126626582849724e+01 6.905111399132758265e+01
7.981537048807740575e+01 -6.400736241466189824e+01 7.379287321387707266e+01 9.108962945818748835e+01 -5.103183294884492227e+01 6.195466960904084885e+01 -8.650398865032194351e+01 8.015078198485980465e+01 4.901433424518671700e+01 5.095074791505007283e+01
-4.441889449238487941e+00 -7.270346629320658849e+01 -8.892255930353471172e+00 -8.888177258018447446e+01 3.749762243990602428e+00 -5.402550081655370917e+01 -9.079586692071657694e+01 5.705217115031669550e+01 -4.927731964167691103e+00 -1.462619322851010395e+01
-6.556351224394512656e+01 -5.652875983381622405e+01 8.707970629672857399e+01 7.141654772246440075e+00 -3.555807852470545072e+01 -5.415166091908145773e+01 1.367752118893376689e+01 8.860987279282937834e+01 -3.234842317699511227e+01 1.844347649976934633e+01
5.012854517645087071e+01 1.080593652631563373e+01 -4.687632774759211429e+01 -8.350104476597635994e+01 4.390859604221475365e+01 2.228576495144420733e+01 4.641168659386732998e+01 3.040492389934820494e+01 5.923801361210882988e+01 -4.528831781158491054e+01
-4.774938756098250536e+01 6.188389490233572587e+01 4.677554778509937705e+01 5.309989330055356049e+01 -1.234055681046429243e+01 -7.874646270599174613e+01 -5.620148296958458189e+01 5.196803279025056099e+01 -9.449737030805771099e+01 9.122851897656937581e+01
-3.630986541279948199e+01 9.787768194613596506e+01 -5.522296590813706985e+01 -3.345202859062533207e+01 8.469778079400614956e+01 -4.104054904631595235e+01 9.213971678136397259e+01 7.157852406680876811e+01 7.640505967522020114e+01 2.064456496156385867e+01
9.260974402480542267e+01 7.030821062253963305e+00 9.009183119409871665e+01 -1.474818362004069172e+01 -5.804088329809901836e+01 2.846711348828625887e+01 6.837397401855361068e+01 -8.968254456848556799e+01 -7.812922584604066856e+00 -3.288372722802886017e+01
-8.442875747688694332e+01 5.851479141128749006e+01 -4.596079928167014828e+00 1.806718691699636281e+01 -7.386750191054827042e+01 7.965754194718215331e-01 -3.677091438127100531e+01 -3.048340590020563923e+01 -5.796449346204162367e+01 4.252535284898740997e+01
-4.648161697123833846e+01 -6.705343134028163377e+01 -5.416771186542399619e+01 -8.673860158940303222e+01 -9.753739105769156481e+01 3.896151504628002726e+01 -7.194493807818366804e+01 -9.837002010131064367e+01 -7.649092145034843782e+01 -8.819292930084046134e+01
8.264658027814732577e+00 -3.734759151612652062e+01 1.341483821766829010e+01 8.419084039590640600e+01 -2.929590738002423222e+01 6.836113834408467937e+01 -4.818311180889938328e+01 -4.035369602466940364e+01 -2.132345149429370679e+01 5.847100122972022973e+01
-1.896268155143279444e+01 -6.888721208234163385e+01 -7.028349544527831938e+01 -2.764542155967102133e+01 -3.039491073483060291e+01 8.924888844730131154e+01 -3.761987270319908561e+01 9.032678778501821171e+01 8.209284338657914759e+01 4.403698483372110672e+01
8.824631259410574557e+01 -3.785853622711101707e-01 -8.351170189174879965e+00 7.092921482882815098e+00 1.907353286136736870e+01 -7.970261700476426370e+01 -2.637971752023275940e-01 4.487677263610757450e+01 -9.469484582435953257e+00 4.304387283567848499e+01
4.874140015275102655e+00 9.828900724874739581e+01 5.826451258400879851e+01 6.676210964982112728e+01 -2.154469164631427702e+01 2.935212360399134468e+00 -4.356909140734559571e+01 7.312516619898917725e+01 -2.903097385714248446e+01 5.696643984015992146e+01
-8.456120321737719792e+01 -6.915830461286891762e+01 6.041665942016635427e+01 7.017819352554414536e+01 6.156731397012308094e+01 2.758244917425811593e+01 4.784932925325642827e+01 -3.808314851878622420e+01 2.534934339764676281e+01 2.705426240368350932e+01
-4.000905908319185755e+01 -5.174020848438072306e+01 1.560809024074805507e+01 -1.431556185219578481e+01 6.441944863170758140e+01 -4.990839525437024804e+00 7.900243912077579012e+01 2.535836171617474122e+01 -8.179105852369781360e+01 4.485394918401240716e+01
5.200391557137845666e+01 -7.535388050476474575e+01 5.214897394888313897e+01 1.250713539935063068e+00 -8.118214805490231356e+01 9.473540681049811951e+01 7.178167844289194477e+01 7.905335659494434708e+01 -9.193560013894928318e+01 -2.081829301595618631e+00
-9.144398757562271385e+00 -2.972913716570428733e+01 -8.705855575584763528e+00 -8.366635320408586551e+01 -5.548120040886295357e+01 -3.560188116272915693e+01 4.313538713092739840e+00 6.228827297046311173e+01 -4.104133087990631168e+01 4.094993088513794532e+01
-6.334307314778244802e+01 3.025692269614984298e+01 9.819775476885496346e+01 9.816532238224877460e+01 8.825478477287069268e+01 -3.321997292675425228e+01 -8.153005159833483617e+01 1.692999512093859948e+01 1.523966750633015010e+01 -8.746811043473138625e+01
4.270558840630033615e+01 -3.902510257612973987e+00 1.087307564952182304e+01 5.429718752476358645e+01 7.597315942735616545e+01 -6.201415359283550544e+01 8.208194706103577687e+01 -2.141140207155551423e+01 -1.306823924509785684e-01 3.701270365034162069e+00
7.763811109045718695e+01 -3.746820905595677687e+01 3.985221759539848563e+01 9.678205791841054406e+01 -6.681704816988096240e+01 -7.042015263360383415e+01 -2.191501382122953601e+01 7.753901399922494875e+01 -9.514377690313384051e+01 9.732371849937294428e+00
-3.412491907860723472e+01 -4.665341322786016320e+01 -8.978362625394177599e+01 3.204562739409436745e+01 -8.804730274742280471e+01 9.958485480083498942e+01 3.093584186929112434e+01 9.056090824974316433e+01 9.122860388659427144e+01 -4.392405108867045982e+01
5.923400482955401003e+01 6.755259618753126460e+01 5.850001770749352659e+01 7.615445950092981775e+01 -9.785118479264541236e+01 9.601378232681696545e+00 -2.158137956149275283e+00 -5.245087645774420082e+01 -8.130961144981935718e+01 5.813873207363840834e+01
8.364039039468332248e+01 3.706313806092796881e+01 8.883851245949927034e+01 -7.926244853717335559e+00 1.202086258706738420e+01 -5.346519409184254101e+01 -9.142257460186334583e+01 -6.661215378035960555e+01 1.387187952791654766e+01 4.858207683431703572e+01
2.403439023472044767e+01 -7.851259622351997791e+01 -8.537744617886242793e+01 2.197525082064628066e+01 1.731485017493530165e+01 7.123693085715387951e+01 -7.082514327380842190e+01 9.998657436169742141e+01 4.761151837981890367e+01 -2.286020127631411469e+01
-7.759056710533020862e+01 9.621181365792466522e+01 6.593671303606899414e+01 6.419751443537165869e+01 1.887401845812057388e+01 9.505680933858297976e+01 7.289509159311251096e+00 -8.055221820606675465e+00 -1.485069543502002887e+01 2.665787269596364695e+01
-8.795375262358342638e+01 -1.576647282783483206e+01 5.563283782238434583e+01 -4.089920125645414117e+01 -9.968439017053032103e+01 2.427280420612574119e+01 -9.399101840602301650e+01 2.608357300338491314e+01 2.586376401325911445e+01 1.457196907638341088e+01
-5.666960091048576231e+01 8.009215690736343163e+01 8.731572348605865841e+01 -3.470596778413394645e+00 5.728656349771006262e+01 3.239194160423451763e+01 -1.168349132157840131e+01 4.565746030663672173e+01 9.236544864372956454e+01 -5.944764890005800595e+01
9.952798462519291434e+01 8.229882277500175292e+01 1.729065090352605694e+01 -8.130631550506709004e+01 1.778036360349287293e+01 -7.076389944974481239e+01 -7.295756685730898994e+01 9.612876250931984146e+01 5.903165367894811766e+01 -7.466266190945280812e+01
-2.374470718641642009e+01 -3.495052136219030103e+01 -3.700183276556994372e+01 -5.661472415237280842e+01 -1.494966918593365790e+01 2.370473554906102720e+01 2.148237781259413737e+01 -2.326040078348685824e+01 1.043015890515886213e+01 -5.609098582700526947e+01
8.741111077559273213e+01 -4.226092683984883536e+01 -3.004855498634255184e+01 -2.452118143959802410e+01 -1.219952783021176401e+01 1.334040472694775303e+01 9.112469299205352513e+01 4.571349987021571337e+01 -3.846387929022778707e+01 -9.694147041569284795e+01
6.622558224890445899e+01 -1.768588375012711822e-01 -8.221366964169172320e+01 -8.463774848956629171e+01 3.959730604881866611e+01 -9.286058106531658041e+01 -7.194647761195099633e+01 -1.151798365914551425e+01 -7.046245690719544541e+01 -7.356002497470434776e+01
-4.174721122594500144e+01 3.175490276364340048e+01 -9.748148028000306908e+01 8.894954870703332972e+01 -7.637817807902868594e+01 8.713663885067785486e+01 -7.755682873467952732e+01 9.518248904492384099e+01 -3.396790773391866480e+01 7.518915751977911555e+01
3.237956348534260087e+01 3.038087074384611697e+01 4.339284746442899632e+00 -6.405129928344300083e+01 2.822147045929747833e+01 2.059438765299374552e+01 1.071852637080117177e+01 -1.369179390606034019e+01 1.929804585392251681e+01 3.288453765451689037e+01
6.535561436081675879e+01 -4.822839188506431185e+01 -5.859999673381424401e+01 -7.550122097585973791e+01 -3.892216229004115036e+01 -7.393055402852364466e+01 -5.120249474653162736e+01 1.499201411140140294e+01 7.619759697390043129e+01 -8.400947099880147562e+01
-8.440071349448423632e+01 -6.308027675079539165e+01 -8.476237372494557576e+01 -4.486115963924668648e+01 -4.428290939267149895e+01 9.095979765883507184e+01 2.230987374126991085e+01 -7.192635877648999099e+01 -5.127446037592298467e+01 6.655160833321602354e+01
2.400549446526996178e+01 6.735064888629040070e+01 1.863677221611000334e+01 -5.611532399557275141e+01 -5.305228224779086332e+01 -9.770597930978055956e+00 -2.941665660636228097e+01 -2.820343910914100150e+01 7.974791706120834078e+01 -3.401325413911627038e+01
5.848540105669505351e+01 -9.747148133210059484e+01 4.890692895425959819e+01 6.956713950695564108e+01 5.529196002380879804e+01 5.416597838089768402e+01 4.377516186545150845e+01 -5.110460719078267289e+01 7.866362925818108920e+00 3.441856078250120277e+01
6.821141655178067253e+01 7.385085034708103535e+01 -1.006495072565635951e+01 -3.276370944879076319e+01 -9.807297070143732753e+01 8.319998062040602349e+01 5.148712023684052497e+01 4.281179704288760490e+00 4.475214773699380544e+01 -8.924594079607678054e+01
3.207613748630956252e+01 -7.192591076201269118e+01 5.440794357069117382e+01 8.228763313965387738e+01 5.154348066099149150e+01 5.249652752618965224e+01 5.912578455465072125e+01 6.299029445828924167e+01 1.350923626538185829e+01 2.348785950956549584e+01
-8.191796300705358647e+01 6.702601612318792945e+01 -7.362128674199823308e+01 -5.011026131104616610e+01 -8.552206677248042865e+01 -4.620693738073142498e+01 6.702319492847161087e+01 -3.916208620624430381e+01 -2.952578381506751271e+01 4.120183989017994008e+01
8.588747664495991785e+01 -9.407513864567621908e+01 -3.730064639971246976e+01 9.082705074547925506e+01 1.274076291386778337e+01 -7.287848467983748435e+01 -2.373513950769947201e+00 -4.405051278664846848e+01 -8.254763885926701050e+01 -5.215879015553954900e+01
-3.570277113381270340e+01 -1.667289429741811091e+01 8.894752750410364683e+01 -6.142300653959604517e+01 -7.643320559508075007e+01 -9.538899024592278408e+01 8.507578768200872332e+01 -8.837700451811039670e+01 -2.057771602488752194e+01 4.249657611802547308e+01
8.452975531366041650e+01 -2.561720370978881078e+01 -1.972180417539961184e+01 -6.642487786320697296e+01 -2.309402755531746720e+01 6.745401347698452810e+01 5.430270522795447619e+01 4.774107111083324639e+01 7.220058366102543346e+01 -3.656624017581307839e+00
-8.759908405630181960e+01 6.623168053294136826e+01 -8.595456449605561033e+01 9.492963945018280469e+01 4.249733792286275502e+01 4.916166510748615792e+01 -1.143344579468308098e+01 -2.715850002743147229e+01 -4.812471280109606653e+01 5.264143796039130052e+01
2.572512151761314669e+01 7.961977312683771402e+01 -9.422005637075517370e+01 9.784324874014151874e+01 2.578422030897446859e+01 2.541021561237937476e+01 -8.993940772225920455e+01 -4.870081089975808197e+01 -7.183444605459487775e+01 -2.599221421529247777e+01
-8.283477860343042209e+01 5.048271532384757165e+01 7.545858988186034821e+01 3.345077960700089648e+01 2.340565506264336193e+01 6.132578840601729553e+01 3.919390782244366278e+01 -4.033349201901916814e+01 -4.154474670663961433e+01 -6.579486195629584699e-01
-6.625812002285829294e+01 8.838762472294320105e+01 -2.914243055511704483e+01 -9.167326554027769703e+01 -4.728764844460098260e+01 1.605504069236090459e+01 4.229276955643459246e+01 9.102511476369730303e+01 9.799380014564582098e+01 -2.601728616784356518e+00
1.710123791917138192e+01 -6.356480060736942050e+01 -4.201386656716279333e+01 -1.122848738423614634e+01 -5.304763130123577497e+01 5.207791009689415773e+01 6.198455584051359324e+00 -9.824405017436023968e+01 6.620782419985087586e+01 -7.945096625752800890e+01
7.587630470595877341e+01 5.564510306906603887e+01 9.754487476114442757e+01 -6.133846898015997340e+01 3.065139752844899590e+01 1.112366469618990550e+00 -8.754213010799263373e+01 -6.015488235292678354e+01 2.495489618853324032e+01 1.833373051319782121e+00
2.119758867146910575e+01 4.853688809444548724e+01 -5.265031244039695224e+01 1.894117216142686289e+01 6.335863598349075687e+01 2.440660897682356278e+01 -2.333074583052624007e+01 9.301315754220794929e+00 -7.527824693359023911e+01 3.218101802547360535e+01
3.514964027451665629e+01 7.394990866843275512e+01 2.626004921620554455e+01 7.416250404006675012e+01 -2.322890758584135540e+01 -7.529644209470947658e+01 5.806849493263393924e+01 5.082475483455365861e+01 -7.668198572228577348e+01 8.569179843662934104e+01
-6.061089992717199237e+01 -6.215449060565543249e+01 -2.770325004853873452e+00 -5.307480204991057349e+01 -1.842417700581677309e+01 5.452546339971993916e+01 -8.753066199053662899e+01 8.713610635190855191e+01 -6.491810895718306540e+01 4.720821519772803754e+01
-2.813350015878863530e+01 8.401429864825743721e+01 -6.073733535117358429e+01 -1.440266193517361160e+01 6.217046601561628449e+01 3.712711819091981624e+01 -9.391466569561984556e+00 -1.345508386831693315e+01 4.162181502517370291e+00 -3.397497197890113796e+01
-4.446791416644381911e+01 -9.081987534539950957e+01 -8.503634149325944236e+01 -5.542864984522657323e+01 -1.670369338605983955e+01 -5.124011743825960252e+01 -5.508421865139645490e+01 4.717167282067705969e+01 -8.056591508962785042e+01 8.544995513737748638e+01
7.479598835073204555e+00 1.571805830592143138e+01 -5.176067470550567151e+01 8.177561055273071133e+01 -2.420797358892343709e+01 4.290304527426621917e+01 6.566562056078146270e+01 2.347336174018460042e+01 -3.948943490483543428e+00 -7.421773517496185946e+01
9.917724221191468814e+01 -2.139412723817805784e+01 7.739921885158366877e+00 -5.477138095141358320e+01 2.908100164591479597e+01 -7.856214061571668594e+01 6.525450260778868028e+01 1.998921827374343252e+01 -9.824207121643435414e+01 7.064306987248079395e+01
-9.124795987732596814e+00 -8.094046501433609819e+00 5.996500899282835917e+00 -1.088014502270146977e+01 -8.488270085135522436e+01 6.002731171866631144e+01 -6.179167267638639061e+01 6.016357411815036471e+01 3.209441772711312524e+01 -5.892785917085249991e+01
-1.839418573734705831e+01 -4.913778927921168815e+01 6.768700344935368207e+01 -4.098899808512903320e+01 -2.277921602283711877e+01 -7.469788830949799774e+01 -2.991641160973614433e+00 6.354446150481518885e+01 6.835025311914284885e+01 -8.150204090624001196e+01
-9.434899848438955416e+01 8.772051709924056695e+01 -3.676404268437523370e+01 -8.094022551971846724e+00 -8.869511588724796525e+01 -5.526554080736298857e+01 -6.410152854828818647e+01 4.869546463356556387e+01 2.456132892730391859e+01 9.758613025066372870e+01
9.787733185991197615e+01 -6.833201564965753505e+01 -4.383427368755496900e+01 8.513420382701053768e+01 -5.727542461896470627e+01 -7.255264474600764402e+01 -7.884497117480167105e+01 -8.985543332995864318e+01 -2.501003130413801046e+01 7.593640581160130409e+01
-8.727456696010244741e+01 -4.075674778108748342e+00 2.483353838783216361e+00 6.770745496135478447e+01 -9.473045555191576739e+01 2.265743368614178621e+01 -9.363439832418553976e+01 3.825748094903798346e+01 3.953503752041052621e+01 -6.430904297108168066e+01
-8.783642499612781762e+00 4.903022189517290030e+01 9.917207840715636280e+01 -4.716799665279647513e+01 7.369901506974036920e+01 -3.394583686844043768e+00 3.738925545173032106e+00 -7.311067323318559374e+01 -1.170746461336037214e+00 -2.026256603441566995e+01
-1.646868288618790643e+00 7.591039425390013662e+01 2.149394022681330796e+01 9.028930898140060890e+01 -4.363784695400138958e+01 8.240523990738768134e+01 8.573569659784064356e+01 -5.481458866531978913e+01 -3.767459894474086468e+00 -4.017300784952180237e+01
4.953721986413489731e+01 -8.723882966474612033e+01 -3.225379355890341060e+01 -4.139940839143505258e+01 -9.430274358638091314e+01 4.092993906244763025e+01 -6.003415988508697865e+01 2.303603177326640150e+01 1.147986908960525909e+01 -8.351163990144074489e+01
2.097514608108693324e+01 -5.896578285994203128e+01 3.199172587297709924e+00 3.139719768484806650e+01 -5.586940002362283764e+01 -5.614757006854023302e+01 -4.881522412447915826e+01 2.437966116527509541e+01 3.197939312218181840e+01 7.855335826929118070e+01
-9.805275044712837484e+01 -5.360384809682345519e+01 -7.889554516070180057e+01 -9.889809184780196460e+01 7.689276786998823354e+01 1.741329380916852188e+00 -9.606073867111604159e+01 -9.352890422950854088e+01 1.729488419688615863e+01 -9.978595578174591196e+01
-5.681264821111619767e+01 7.480112266463603987e+01 1.401570673930953603e+01 2.567148799396726133e+01 -2.814808316693195422e+01 3.664414264800041110e+01 -8.249572179121066995e+01 -6.648969580293234571e+01 -4.211077232041535723e+01 -9.943160086045539003e+01
1.497694303253653914e+01 2.284596050943204659e+01 1.784084671106779751e+01 7.483137596417245163e+01 9.730216396559472969e+01 -1.870838619176566908e+01 2.904343852045568042e+01 5.835412987495328707e+01 3.834079016860391675e+01 6.575324112583996339e+01
-3.818618897052854777e+01 6.259637984999798732e+01 9.537384405208695171e+01 3.121817594539112406e+01 -9.911057479798886050e+01 -9.766992393205740086e+01 -7.637655798616340519e+01 -6.984695222428854322e+01 -9.169328672911150591e+01 -7.369480940343976272e+01
-2.663825741356436083e+01 1.000988575112336321e+01 1.858301418191392429e+01 -2.959905979659097852e+00 1.495975656586578850e+01 -4.132202023725231044e+01 1.608523126707453343e+01 -9.932388161185510000e+01 1.055364654334776731e+01 5.642766229874149531e+01
1.102636348854734649e+01 4.874234096270731698e+01 5.065855588756187444e+01 -1.486255078515728201e+01 6.209153398388983192e+01 -6.108851477308654410e+01 8.243218174248693231e+01 -5.921718107242546125e+01 -3.494174582395135076e+01 -1.648570713650849484e+01
-9.238175437735182527e+01 -7.859676639283233612e+01 -2.372551981367516305e+01 1.713715700317028734e+01 7.271244389799963415e+01 -1.247353196949391929e+01 7.863155056237323492e+01 -5.359675865705690967e+01 3.285902571957734608e+01 8.551219135301317920e+01
3.524347068554354223e+01 -4.152358612837809915e+01 2.501653611185810178e+01 7.731352500523615845e+01 -5.517112457947192183e+00 -8.354677868317060074e+01 -7.450794452034389792e+01 2.583622670707313773e+00 7.717494378155197410e+01 5.142389891457767703e+01
-6.999894284873558092e+01 3.980388703507389891e+01 -2.443535478038285191e+01 -1.513214737302379831e+01 -3.280372502607221463e+00 -4.295483825834240577e+01 -5.476584362202441270e+01 7.539894538656798773e+01 -8.607788954972659212e+01 6.677669629013144004e+01
-1.254972239142455237e+01 -4.636599373750647146e+01 -4.884445822363070278e+01 9.156892622775899326e+00 -3.717949649069680618e+00 -2.780163810093145571e+01 -1.361265418419151274e+00 -7.567839118321893466e+01 9.867757893660817103e+01 2.059221636379339770e+01
-1.652764452801660866e+01 -3.129133257195036322e+00 -7.506774055138043877e+01 -9.677437618155806831e+00 -3.028474536115967908e+01 2.888589213925297372e+01 -1.603471449553946115e+01 -5.165003061343269763e+01 2.047735507510243735e+01 -7.238379105268492708e+01
-3.272238290871828781e+01 -5.359324899143857124e+00 -9.247117646097692045e+00 5.089798829404904268e+01 1.882890656441742294e+01 -3.203220599288654569e+01 -3.358499518293611175e+01 -2.963268765536098215e+01 -3.593402724855864960e+01 -1.306630465741103819e+01
-5.659477669838568659e+01 -4.260289020032072926e+01 -9.786789452532174494e+01 9.452959333824583155e+01 -3.412796607208814237e+01 4.121316443340498381e+01 5.690189054558118187e+01 -2.010175837222058703e+01 -9.615964778842418070e+01 8.992155028985334297e+01
5.738203943035401267e+01 5.494222009674024321e+01 -5.986791939165578924e+01 7.974461702050413692e+01 -6.218994365660961421e-01 -3.945144714780508366e+01 8.300876734796457868e+01 9.035934788011610408e+01 -6.417756476552511913e+01 -9.919179955793890713e+01
3.428828756514317888e+01 1.345575531387498813e+01 7.456155312341678609e+00 5.655707168084646241e+01 6.739061194004551680e+01 2.259728165077443407e+01 -5.374407513600174724e+01 -1.726909973062178949e+01 -5.175155320774535994e+01 7.656609893843267400e+01
5.987514026196137706e+01 3.126883507913970561e+01 -1.171811345917002711e+01 1.496429206381601773e+01 7.513948468863989660e+01 4.166765752839941683e+01 2.312105540969272965e+01 -5.422726824221968656e+01 -7.263409744597296935e+00 6.179476280074425176e+01
3.725214822532970516e+01 -6.657719425313678130e+01 -4.922370504605564179e+01 9.424156387291668580e+01 -9.802105268963165940e+01 6.294526182753892840e+01 6.790078264707972266e+00 3.986870231207794291e+01 -5.877280655220245364e+01 -8.933620686303645186e+01
-3.566589225981233824e+01 -1.701822665141790480e+01 5.962461348285879126e+01 -5.081967715439188282e+01 -5.787545167372775978e+01 9.803462861536408468e+01 2.591233321545500701e+01 -5.404313714940032298e+01 -9.280241456571256720e+01 -7.251645586977730318e+00
6.508801851372493275e+01 7.541945372601023223e+01 -4.945166612654509919e+01 -7.703294018451809677e+01 -6.957257419712732371e+01 5.377288892357665873e+01 -6.654919035821231432e+01 -5.001053397710933268e+00 5.476746446795169732e+01 -9.776465205247745871e+01
8.862874010159856653e+00 6.681636243568934219e+01 2.731625575061755740e+01 -1.016984203602117987e+01 2.355433167423942109e+01 -1.042060306159417848e+01 -7.108566829491624617e+01 6.137191817595041243e+01 -7.387052071791329411e+01 6.824876844830106393e+01
-4.200335877097462856e+01 -4.776462694014122690e+01 5.565798119035207492e+01 -6.855679734090101363e+01 4.289710428853146595e+01 6.946621462502599798e+01 8.202212950507308165e+01 -4.582885653519721814e+01 5.638534045986853016e+01 7.382121505631513969e+01
-9.576481163155369813e+01 3.900372312981218670e+00 -7.236397097147192881e+01 -7.107436879849760203e+01 -6.876943886585223709e+01 2.333657573441219313e+01 -8.846229412581823226e+01 5.225755931542585131e+01 -4.213930041610618105e+01 4.502786484135452838e+01
3.052867249201293021e+01 -6.784253135055118378e+01 -2.086016799353798490e+01 -3.202923067188758921e+01 2.198031233126023665e+01 -2.837141289228495111e+01 -8.406991796345273826e+01 -2.357216446063796411e+01 3.558303306132981447e+01 -3.500179771616942048e+01
1.481159590912494650e+01 -5.909847140440296442e+01 2.534467940221043136e+01 -2.927735038958503822e+01 -1.943258872337941057e+01 4.602514261461126921e+01 5.282028131488877420e+01 3.357385117764596316e+01 6.305120438362646951e+01 2.901462114945238113e+01
-3.079225292616891352e+01 8.972728139437705863e+01 6.293660692710153626e+01 4.512145137060284128e+01 6.761983897378996744e+01 -1.595966294384838591e+01 -9.001700268938186866e+01 9.528093472199844882e+01 -6.191473720647915258e+01 1.882512847948112267e+01
3.011214777205475457e+01 8.166802445502020191e+01 2.520877620347958725e+01 -3.156706193796942728e+01 8.088977314369066107e+01 5.066850505397985671e+01 -9.767158030033866112e+01 5.726351919225356824e+01 7.367463538359342579e+01 -6.175490317725405021e-01
-8.335071781406648483e+01 -6.970035527797328712e+01 -7.125744330181400699e+01 5.457957083012729527e+01 -6.175641902640740710e+01 -5.890714734972366529e+01 4.460005891437930359e+00 2.807242037099001664e+01 4.122953561836158087e+01 8.665523212325004465e+01
8.743874768168029732e+01 2.539409698685176409e+00 -2.543387723821484769e+01 8.084603274303356102e+01 -7.648146485779072634e+01 -6.658532195689761579e+01 6.615773832062498627e+01 -9.372045802431388495e+01 -5.122209261561872040e+01 -9.258388469208101412e+01
-9.189243949015919100e+01 8.439282544627715765e+01 8.353656907541352439e+01 -2.367450490868830570e+01 -6.654511019724708376e+01 6.199173218471108271e+01 -1.216400867365905469e+01 -1.201546191512674966e+01 -9.252516039072476417e+01 2.972852221965607100e+01
1.084301401211217808e+01 -3.048538793153888093e+01 2.198231254881697794e+01 6.833311508547376434e+01 -1.416417758826311513e+01 4.690661487972261057e+01 4.335869306941489754e+01 8.314573492241311214e+01 -8.739690680278995671e+01 8.660260732631184055e+01
5.012291702881108790e+01 -8.948654583145074071e+01 -5.752241020300998997e+01 -6.922749770984719930e+01 1.469692178050090092e+01 -6.452032101281193377e+01 9.236493503324894050e+01 -4.887925852487668976e+00 6.416165046190519661e+01 -3.119058708210842212e+01
2.987051444846423465e+01 6.594360288573307116e+01 1.705588711519759215e+01 -8.194155969347826840e+01 -1.832123858226168522e+00 2.130599868289972676e+01 8.251385949290096278e+00 1.471742791957120744e+01 9.418597229467985699e+01 -7.132675634782225416e+01
8.382519586970295222e+01 1.610421131567146347e+01 -1.166730081403180463e+01 -5.398878748772839486e+01 -6.948361531244714229e+00 -9.148273330216365196e+01 -2.887081608991337589e+01 2.307696341168082199e+00 -6.532170735594493749e+01 3.113337491913964072e+01
8.360167225045944406e+01 -6.382461561694081809e+01 8.657066918179293680e+01 7.398455751622228149e+01 -7.937124119099598829e+01 -4.522001156295360857e+01 6.016570149121412214e+01 7.879234062201297206e+01 5.834471638564815521e+01 8.538678122985947994e+01
-5.960107905029647668e+01 -1.372254574926486725e+00 3.462153684355843097e+01 1.003314113535580532e+00 5.352965437006707816e+01 -7.673236166186467244e+01 -7.567193207208886463e+01 -4.771937468712658870e+01 7.644846256911333171e+01 2.297757009215001744e+01
3.116641479441577189e+01 8.955250728776701408e+01 -6.536956300101866191e+01 9.746699205140950539e+01 -9.090269250127222733e+01 -9.568026937357716122e+01 -8.276792154533893608e+00 -9.907711554682290966e+01 -7.939039750350680436e+01 5.949441923359131579e+00
5.388962731887838231e+01 5.856777502507972599e+01 2.415090656648430922e+01 -8.111041261742252573e+01 -9.320428540564331854e+01 -5.145051106646274519e+01 6.580530318717794103e+01 6.967038682861681309e+01 -4.128954647838924785e+01 -7.414612439896750118e+01
9.177278065349264580e+01 5.903566931772246562e+00 -7.619746357121404401e+01 7.831721053221718876e+01 -1.016893196558079637e+01 -8.971612930244212691e+01 -6.569533751506767771e+00 -1.732952312248130511e+00 2.795329612726746404e+01 6.375140719292625135e+01
6.092624554051013774e+01 -8.076344216494945272e+01 7.066301344328408618e+01 -8.060966200016319760e+01 3.146091502647283278e+01 -4.918401369037772497e+01 5.634955256476445129e+01 -8.796394532459497384e+01 -3.654160411357629812e+01 5.177352068109598804e+01
-3.498449983822612808e+01 2.936499397215399654e+01 -4.831829967370784118e+01 -1.812904555814145624e+01 5.432522973306791414e+01 -6.792085903339355468e+01 6.351779896944174197e+01 3.877418155583475823e+01 -3.330232198178919134e+00 -3.018693465308635382e+01
2.190149559120521872e+01 -1.043423448106766216e+01 -4.218079316857730277e+01 3.603363414004451215e+01 -1.044365680697099208e+01 -2.951253385091297332e+01 -5.267598684695990841e+01 -9.132217176508706302e+01 2.907323308818479290e+01 -7.669547538372879103e+01
-6.405505212153852312e+01 3.185961099711786915e+01 8.074184246468672654e+01 -5.960462203550829230e+01 -4.130736436009038925e+01 1.267422040865872646e+01 -1.989059535820767621e+01 -2.276693364833148792e+01 7.758916163155365098e+01 -3.876719287861760677e-01
-2.935732713520640402e+01 -4.882514181491086447e+01 -8.366311361605966113e+01 -3.771646086003841702e+01 2.822444531544007873e+00 7.599174321043687996e+01 7.301956053132610691e+01 -1.096472369353136855e+00 -4.602600559619745013e+01 -4.232741307846603718e+01
-5.001406935345855942e+01 -7.709013990417672346e+01 -6.148116911325960388e+01 7.675767028094438160e+01 -4.519610954910498180e+01 3.176615738173603631e+01 -7.097738565150856971e+01 3.688913346241014324e+01 3.312299166106868142e+01 7.467486866760287967e+01
7.712313164846545988e+01 1.850035482768568329e+01 -3.980459474351736304e+01 -6.245093940726167148e+01 3.765347566883761488e+00 -6.075237290413817703e+01 -5.020835842930650728e+01 -9.549322008562432984e+01 -3.517714090111692826e+01 3.942582769630419648e+00
2.095285111872939865e+01 -8.458381648319351598e+01 -6.345458809265045375e+01 -6.814960346794048007e+01 5.565350110932115513e+01 -8.049924170227227194e+01 -3.330526252956673261e+00 -9.044429279080875972e+01 8.480381924914172487e+01 9.711658227069887062e+01
8.482669275059933511e+01 4.794524075185145762e+01 3.924534386245593964e+01 -5.426855840353385929e+01 -7.976311845712945114e+01 -1.615642193738729304e+01 -2.976726481012860859e+00 3.250369414460004691e+01 -1.784337869842855184e+01 -2.642862794659335179e+01
1.442197112561733263e+01 4.589781759448848675e+01 3.226621084894242131e+01 4.674068111087976263e+01 -5.926290514352059802e+01 9.941373122864405332e+00 -5.169207163374351666e+01 -5.271114709435258305e+01 3.063529639200709198e+01 -2.620935976953199997e+01
-5.628854349564787185e+01 3.593176885314562696e+01 -6.318543975050792483e+01 -2.640629541474825714e+01 -2.147161053377644180e+01 -7.441009849558261635e+01 -9.165650695787780933e+01 -9.039835260626874458e+01 2.862650234096400936e+01 -1.809405889997776740e+01
-6.081405861533383472e+00 -5.616274794225255818e+01 1.882541067229048792e+01 8.520126021003267169e+01 8.284346635598126340e+01 -7.014360483897472420e+01 -1.063548617228866533e+01 9.583020597976818067e+01 -1.115687563111448810e+01 -8.557529688167370807e+01
9.587697237050218746e+01 7.949472129594778380e+01 9.234817289075979829e+01 7.667602841210035081e+01 5.725204070394630662e+01 2.376833043073519036e+01 4.651226713308284388e+01 -4.027682588728451663e+01 -8.920047702821838698e+01 -3.020588583311223374e+01
5.072380098793675529e+01 7.124718057429453211e+01 3.322447396282177579e+01 5.913937868969273381e+01 8.065171365256301783e+01 -3.016028329949358522e+01 -4.709541067504501655e+01 -9.822688808932707616e+01 -4.138621977016485687e+01 4.058365581303027625e+01
-7.307447226823622088e+01 6.774540223238409453e+01 -3.238058075272761016e+00 4.064289161891062463e+01 1.416400299920239547e+01 -9.262355114675706602e+01 -1.244214932954473340e+01 8.323540722577698148e+01 7.931909164557586678e+01 -8.893305821524062083e+01
-3.120092015930144669e+01 -1.254313938185957511e+01 2.490480733204331898e+01 -3.937633018829353659e+01 8.891634761151570387e+01 -4.772900932096781901e+01 3.742596809079054765e+01 5.312279485702347870e+01 7.409526605585477910e+01 -6.807576735582429706e+01
-3.301118317112808143e+01 7.702311571679601343e+00 -6.083210634428483843e+01 -1.807396252640207024e+01 -7.508378510516880056e+01 5.405784383744207844e+01 7.661252668849314773e+01 -4.421887951314540288e+01 -1.839411900835577285e+01 -1.572453905684881192e+00
8.046431616215656391e+01 -1.658657476002971976e+00 -9.868852828999919780e+00 -8.354069573261624271e+01 8.172348781934047679e+01 3.744219435536268747e+01 1.632355672620514042e+01 1.748972738813563410e-01 3.040766259192909615e+01 1.102666463128103658e+01
-5.909083224252000832e+01 -4.058109493180799632e+01 4.241765425675865231e+01 -4.046584909973945088e+01 4.548373944928158608e+01 -3.138953587545098856e+01 -7.882501093904295431e+01 -6.790659150792666310e+01 5.067074572936670052e+01 7.359043992935369261e+01
1.169768195960610058e+01 -3.132904836626151734e+01 4.840489994346361868e+01 3.845904906046763472e+01 -8.526993744833958999e+00 -6.328057939986570801e+01 3.155540583000765764e+01 -3.130720916271900478e+01 -8.599632870186408695e+01 8.300212753384121811e+01
-6.253495655557159694e+01 3.067733291065749768e+01 -3.617113232811119872e+01 -5.200611026429579908e+01 2.946407977072794893e+01 -4.888921322011267989e+01 -2.453580826830538797e+01 -5.379678850968198844e+01 7.508576438882334969e+01 1.204150965771999893e+01
-4.190453739821269608e+01 -4.000360894398529155e+01 1.690922003687072106e+01 3.762830230395474018e+01 8.287610211436816599e+01 -1.123452608886101700e+01 -2.877489233114772560e+00 -3.457480731135180463e+01 -6.609147385654864593e+01 3.663648768853499860e+01
