-5.448694282080595030e+00 -5.344011288750702704e+01 -2.207229754982493830e+01 -2.650714569066101944e+01 2.313086669071012125e+00 -4.028073700643191302e+01 8.270408481641928233e+01 4.308994083477418258e+01 8.696012935440975866e+00 5.159125432797910094e+01
9.767918313434222455e+00 -5.005065581073486669e+01 2.741766642501146123e+01 3.747022590403815911e+01 -9.386465940733934588e+01 -4.142617620183488469e+01 7.973731136307762313e+01 -6.659855276004373081e+01 -8.613495818676126703e+01 4.992045056614759346e+01
-1.424531926717227748e+01 5.178788687483645958e+01 -3.280591535198399811e+01 -5.248375688890092050e+01 9.695000885967567683e+01 3.967016148421100752e+01 3.631148872611146317e+01 7.853425002338954641e+01 -6.453701709382642093e+01 7.848929169823693996e+01
-5.236549203439082589e+01 -1.644424066393440853e+00 5.855136308844055293e+01 -3.322015719207669804e+01 -3.363662889563552483e+01 -2.606056511316306512e+01 5.324296376898044514e+01 2.853610677012170527e+01 -9.407831127912949398e+01 -1.862635850823994588e+01
-7.068706909176280817e+01 -7.390922870053869076e+01 -3.111407480665194214e+01 -1.469966132368185185e+01 2.541695297596528746e+01 3.564328832806739911e+01 1.870454429214049696e+01 7.747189708260648899e+00 5.837970352691561970e+01 5.360476269460866661e+01
-7.173912581566888491e+01 -3.191150338399279462e+01 8.275976223520186181e+01 7.907072742367569163e+01 -6.835151741977657025e+01 -4.313030682767788448e+00 -7.475265449030253251e+01 3.019820315554738954e+01 -5.804895653044086146e+01 -6.952574697703741435e+01
-2.131971718531433169e+01 1.653886099662432230e+01 3.204345037221312964e+01 8.649652637967764690e+01 9.839693962137224048e+01 -9.653821330891778985e+01 -1.187372013326893239e+01 3.017817168660249649e+01 9.885944563339077718e+01 -4.851287701487567716e+01
7.200726503421850566e+01 -6.066982228723802706e+01 3.276816043689737512e+01 -8.064651107701061505e+01 -3.119704039735830747e+01 -1.816996238207799763e+01 -9.841871689134981693e+01 6.653578767943315597e-01 -3.496097902425783843e+01 3.506975522769758413e+01
4.765206496430013772e+01 -5.639217188270124836e+01 6.502494494378916556e+01 7.484398995113929232e+01 -8.986179982770110541e+01 -9.395912347683869825e+01 -4.597812846962565914e+01 9.549542129399128498e+00 3.610411325075514810e+01 7.282750601360208975e+01
9.339483933339366217e+01 2.468619447126090449e+01 3.329853218591367181e+00 8.486113530742329658e-01 5.468039631181056848e+00 9.956982922456074903e+01 -7.373107000123692956e+01 2.319849390077952478e+01 -3.634740789311268117e+01 -1.941835321300948181e+01
7.388800319252212034e+01 -8.194934462120937724e+01 4.708854093489932779e+01 -6.762655515000886908e+00 9.563930294008613942e+00 3.227068452750049232e+01 2.959029173329662399e+01 8.005054473869003573e+01 1.414454715323267919e+01 -4.093893872554860991e+01
