-4.288222642143824004e+01 2.102323118846747718e+01 4.460053834917030713e+01 3.511876368771601165e+01 9.316908373179830960e+01 -5.852187489116791141e+01 1.636332237404151613e+01 2.718489850216640491e+01 7.838370623574391516e+01 -5.464041608462166977e+01
4.444358106176053980e+01 -6.976491644593734520e+01 3.302269621101905273e+01 -5.414428550972161247e-02 1.402986069286305337e+01 -7.014666663706870509e+01 9.168787839763155034e+01 -2.240379848401417462e+00 -9.508106558004622855e+01 9.929782427881244189e+01
4.706086297582643851e+01 -9.966004425265069244e+01 -4.368062327272765799e+01 -1.974530827585255111e+01 7.241635932539531950e+01 -5.039642472218996971e+01 -8.404202725722666401e+01 1.375704838424877607e+01 4.364908908926381059e+00 5.599905760341127348e+01
1.372604958322673951e+01 8.543916779871207723e+01 6.581429676633101167e+01 5.935605657045266526e+01 -8.195085821369825396e+01 3.603933070197768984e+00 1.893248892221841118e+01 4.869426692707463644e-01 -7.478172105226752819e+01 1.208891593432798572e+01
7.874014596080479578e+01 4.165867977506749753e+01 4.104596154379055406e+01 -5.930507974276122241e+01 -5.764382180852023652e+01 4.181979074002256880e+01 3.370748381866798127e+01 5.075580238740204209e+01 6.510530288235659668e+01 -9.369197249713216991e+01
8.110727182803572077e-01 3.106204393460239999e+01 -9.140335387699285263e+01 5.446767288366194748e+01 1.247518868807253511e+01 -4.663853684031475666e+01 8.062968593647624971e+01 -5.110395104792253562e+01 -9.194188969234471642e+01 -6.272648797207583016e+01
-5.156178350073410144e+01 6.227206497112700845e+01 2.215950493968293245e+01 6.826777556010006265e+01 -8.991439005469001700e+01 -5.613445447525549525e+00 5.666868874026130243e+01 4.016794094892318867e+01 6.712790538794314443e+01 3.178891651736381618e+01
1.830503584944452200e+00 2.155610114027615509e+01 8.976792682838819815e+01 -9.831175216129763328e+01 6.156338556448895361e+01 3.114456695875063019e+01 -4.650110360214326022e+01 1.014966514879137094e+01 -2.227410644796961492e+01 4.831617530850618891e+01
-2.636320586484062289e+01 -8.388346792995331214e+01 7.018898953270084462e+01 -4.592289914667708928e+01 -4.951649640752020787e+01 -8.383321112681974796e+01 -4.983757058823125874e+01 -6.088973316610808695e+01 -6.196655264337040592e+01 -9.415275002788345660e+01
-1.865728910102220084e+01 -9.394114057090152414e+01 -5.406353999379336273e+01 -6.803829699335324221e-01 5.803393742189524573e+01 6.068868780922753103e+01 4.696659859786473135e+01 8.629994514375198378e+00 7.022388246594363181e+01 -6.088249712559976956e+01
2.027617737553968880e+01 7.520298455448815389e+01 -6.334936351778380015e+01 3.647244895574877432e+01 -3.715142307383389664e+01 9.875833924358084914e+01 4.528712113745100964e+01 -4.845357185693961810e+01 -8.684509988112077394e+01 -2.455352992013008873e+01
8.204298869283519480e+01 9.080705204523178509e+01 5.360283059760283209e+01 -4.617548893253206899e+01 -9.597015205449530129e+01 -7.634118049551844365e+01 2.208616671772389850e+01 3.913221859249989620e+01 -9.224461501543548536e+01 7.801723134075629673e+01
5.440158117944108085e+01 3.561713186744373161e+01 4.216426129883035401e+01 2.595021196588622558e+01 -8.038323143832786855e+01 8.366784861358570424e+01 5.898417794209476028e+01 4.816316319649538968e+01 -6.674435998399280834e+01 -2.862098191577773321e+01
2.561077490377634547e+01 1.768998409755052137e+01 -5.313968337727510516e+01 -3.734842298758944423e+01 8.800390735824279886e+01 -2.220328203319949978e+01 1.218049269785626620e+01 -8.522355152622600372e+01 -4.520351139463301138e+00 8.217105142487966418e+00
-8.984968543740497182e+01 -7.771932250343304815e+01 9.447590633771289959e+01 -4.476594940381666277e+01 3.481305541921696545e+01 -2.720405128046650134e+01 9.708229222562863470e+01 4.302785768766042906e+01 -2.233900879264471939e+01 -8.327231461799043188e+01
-2.766325841381839723e+01 3.039600325326176744e+01 4.847696867625700179e+01 5.514395613600171941e+01 8.378219877945335270e+01 -7.479404659101376751e+00 3.206696084091004195e+01 -1.688792199231143343e+01 -8.707954167143412860e+01 -8.301434997593366916e+01
-1.367559344993603077e+01 -3.078658698075416567e+01 -2.717471947863785431e+00 -7.491059853106760613e+01 -1.447771530172059329e+01 9.604434508114297842e+01 -9.813243944422333698e+01 2.326347424646590412e+01 -1.435525148244067850e-01 -1.279511538245201052e+01
4.834914719168361330e+01 8.168133670068903029e+01 9.887009490075172380e+00 8.927819501965728932e+01 2.084342052495826181e+01 3.672788019624738354e+01 -2.060877302016893964e+01 7.950689960792723809e+01 -6.731079788762059479e+01 8.980444006603016760e+01
7.164217399609185577e+01 -7.522159926257050699e+01 6.745750878605232970e+01 -4.086421635929580276e+01 2.925432418002642976e+00 6.210014835346373729e+01 -4.334332742301787533e+01 -6.666694781111017676e+01 -2.044951873450126811e+01 -9.729922159696360495e+01
1.593668661844669998e+01 9.735452114767269904e+01 -5.855282420642198105e+01 4.159184999245212566e+01 -8.321235764544358915e+01 -6.949750779988185911e+01 -4.311115758829892997e+01 5.887350573144965438e+01 1.059060505122735663e+01 -7.786618177558328568e+01
5.358551783980658456e+01 9.667250985769058502e+00 8.093590526068510371e+01 8.958999680425023371e+01 3.659796295427400992e+01 8.231197928446889023e+00 7.750571743744040987e+01 -5.725629805495331226e+01 3.304813264813603269e+01 9.115711204356156827e+01
-3.153773258319863260e+01 -5.597789950823484162e+01 -6.494289205211494220e+01 -2.836790708641292724e+01 -6.221782609760519733e+01 -6.908545893415941919e+01 -7.982941315720239572e+00 3.152336630533508810e+01 8.318221819549629004e+01 -1.922847647229599488e+01
-6.279252204856015851e+01 -3.307622843387669320e+01 9.001117129990856824e+01 -2.541447780212693885e+01 9.409505441944600079e+01 5.748094031821455019e+01 -9.275305137064555083e+01 -8.028189859170100817e+01 -6.405449257406392860e+01 -2.576979575092255459e+01
5.346157913534878503e+01 -6.515628021170081752e+01 -9.882524659946894019e+01 -2.518346196589685348e+01 7.962574340633921111e-01 -6.694244114033693904e+00 -5.262043771227593680e+01 8.486947710752789931e+01 4.657109252297479429e+01 4.525048969462613968e+01
6.921989619729987453e+01 9.699373673299817256e+01 3.458573688463647500e+01 -2.903191119939585008e+01 -2.907226837854328494e+01 -4.227830116169588592e+01 -2.394181526462131160e+01 -5.883977017803309906e+01 8.633888650258001007e+01 9.986737936454196074e+01
1.140335851889582841e+01 -8.191886141166162361e+01 -8.123991731990827248e+00 -6.689392756122909134e+01 -4.705797556136948145e+01 3.969426166933666877e+01 4.568993705820446394e+00 2.645823582908390392e+01 2.271660395865697524e+01 5.563827575463506037e+01
-3.297387779535165464e+01 3.258000706331202423e+01 4.229618494854977939e+01 7.288011641170561461e+01 -2.865444810619379723e+01 2.270149694970413634e+01 7.259659138766426167e+01 -1.871728205105600296e+01 6.459128206482776591e+01 -3.025212897425495839e+01
3.661341519411072909e+01 3.959608185074600328e+01 8.114048885754479556e+01 1.304102465872286132e+01 6.369026610204392114e+01 6.496113220913613873e+01 7.563554396237867650e+01 -2.206162977384771295e+01 -6.806821434713820906e+01 -2.346899328549491770e+01
5.453180132701879756e+01 -4.854878098787737883e+01 -3.051022863837485488e+01 3.461628073031189956e+01 2.747080802819485257e+01 -1.373502911849726615e+01 -3.361688261614958151e+00 -2.403750280503653869e+01 1.990587663298623511e+01 8.494635790227573580e+01
-5.503247614449817604e+01 -2.569218068015824485e+01 8.213884381927343270e+01 3.240835792999834553e+01 2.020852698258657654e+01 9.974919082913555712e+01 -1.879373248607100777e+01 8.171826471005581993e+01 6.777240194095730885e+01 -3.755153014437298253e+01
9.790000975621239832e+00 -1.560987599060817388e+01 4.970562568275482818e-01 6.614980338954313765e+01 7.206822750105754949e+01 9.775921320774043011e+01 -1.042047042561007686e+01 6.588429672723148656e+01 -8.583856351926439743e+01 -8.144117803101977415e+00
-3.087222885623002355e+01 -3.058213918410210397e+01 -1.433202098040176509e+01 3.068819176202288190e+01 3.793318089756309064e+01 -4.437676008107962389e+01 -2.325889346364242272e+01 9.772345990884574007e+00 2.352047694067182704e+01 -4.838953834231705287e+01
-7.831383371284334771e+01 5.230669119352748453e+01 8.518408112516729602e+01 -2.179560327662693453e+01 2.401356439585681812e+01 8.691544808063784444e+01 -1.649221002120329160e+01 -3.487580976739425864e+01 -9.663393058005567582e+01 -2.705841588535062670e+01
6.725757851398867615e+01 4.283384037129025046e+01 -3.179982470766866243e+01 2.855346618871024589e+01 5.728231507767546304e+01 -7.282530444155956673e+01 6.280154882101248859e+01 3.454719965315558738e+01 -2.064199448026498374e+01 -4.061456301396111712e+01
2.656674654099371935e+01 -8.179117705014027706e+01 2.526569843403601112e+01 -7.676734688451153943e+01 -7.160220309093404012e+00 -6.573537161709933230e+01 -6.260866436333434137e+01 9.161008839411852023e+01 5.586641498632985758e+01 -2.152281133004760250e+01
-9.103036579464620104e+01 -9.922578401701625239e+01 -3.980656906110466764e+01 -7.112928281372350625e+01 7.182473531924077292e+01 -5.400570568841294516e+01 5.971510471971413381e+00 8.605995043365112451e+01 -3.800681842273094446e+01 1.164033647966053309e+01
-8.404459360307525628e+01 4.898653470201799109e+01 2.407177691407815701e+01 6.410480674907898901e+01 -5.088414029361967295e+01 4.263882799326356121e+01 5.507001564809229421e+01 -4.313818624154810522e+01 1.740224578112247400e+00 -6.811176941697516440e+01
4.998184551933624675e+01 7.152142633127769500e+01 7.679863637054546643e+01 4.073945494535226430e+01 -6.115043272812532393e+01 -7.890604452306234862e+01 2.865936490275481674e+01 -4.473016333727699845e+01 -1.351005907753675217e+01 -3.775822147920804639e+01
-6.365748981019591923e+01 -2.746962614231154021e+01 -6.284719541353766914e+01 -7.859935461566496429e+01 4.832921641267378732e+01 6.367753846571434906e+01 2.303970598018420901e+01 7.954868290064487724e+01 6.062618688075710338e+01 -4.019528181558882096e+01
4.870626544353302734e+01 -1.987228551575535107e+01 1.930626653053202801e+01 -7.454271818676836858e+01 -5.513698780188926918e+01 -3.256864173922579653e+01 9.461137105275844306e+01 -7.425079347873924007e+01 -1.510291777907141864e+01 -8.705750358233305519e+01
4.123013106037015518e+01 -1.674464133417710343e+01 5.898358176949670906e+01 1.085956162126886682e+01 9.220992826963140487e+00 -9.158514320934843056e+01 1.506079576465357661e+01 6.267668804753145650e+01 -1.524476963413920316e+01 -8.700422571048306963e+01
2.360442564552155886e+01 8.282160784755950544e+01 -3.602049139144616419e+01 3.208901666461642321e+01 6.632109910874515890e+01 3.069226568156892654e+01 -4.198030116168431647e+01 2.813383043217447721e+01 -7.932153484688548417e+01 6.903065076570146630e+01
-7.912341191472305013e+01 -5.706188292441140675e+00 -7.634249269696609019e+01 -5.582172129023410889e+01 -2.665961399342752713e+01 -5.176559241034730263e+01 6.189116069156554545e+00 -2.703811484203626492e+01 -7.481445237565034745e+01 4.252402367833937546e+01
3.405083341403431518e+01 6.225817667909669240e+01 -8.668964204730285417e+01 1.741895158490255824e+01 -5.106387143832262865e+01 -2.395755191895669611e+01 -9.513305435790498166e+01 4.718553766618509826e+01 -5.443614542052941374e+01 8.918283885334813021e+01
3.960790623992608062e+01 2.594812915198463088e+01 -3.183318199278907912e+01 2.855392846543810492e+01 2.521400407387066878e+01 6.608691255504842843e+01 9.386025793848835974e+01 -4.234023630150488771e+00 -4.928149913613266619e+01 5.791067483221280554e+01
-3.175292853516154423e+01 1.982378238862298758e+01 -4.916272250094468887e+01 8.811313358210023239e+01 5.951723452815284077e+01 8.428752612418588797e+01 -6.884231294262694689e+01 3.241285191870920812e+01 4.252163454179748214e+01 3.581086365724664233e+01
-8.184142569891052688e+01 -6.545520671695402370e+01 -4.389872458510792796e+01 3.618447210192451280e+01 3.037518236494710777e+01 -1.360023393003399406e+01 -9.509247275167838609e+01 -7.114339925034904866e+01 -4.568121611301967278e+01 -5.488182856512613483e+01
4.819823701514161485e+01 8.615297768122260891e+00 -9.094165891647654121e+01 -5.291801920740169152e+01 -6.224866131367399191e+01 -8.268925572033708704e+01 8.447743315693134036e+01 3.779819357233492383e+01 -4.034785940942677485e+01 9.826671622755497992e+00
1.318092806243859627e+01 -9.696389005942289430e+01 4.796420916013096303e+01 -1.951730279620926467e+01 -9.872286298421340689e+01 -6.441137818621243127e+01 7.361773730555742645e+01 -8.950412135060904006e+01 -7.149061439802117945e+01 -8.397347298754375799e+01
5.192085801532746814e+01 -5.047157037232472732e+01 2.964533682784974644e+01 -2.113995806433690916e+01 -8.986326534153454304e+01 6.964913025028803872e+01 5.952018837301039866e+01 4.352053135530678674e+01 4.581442505759159189e+01 -4.412232553428645332e+01
-9.214116964024881895e+00 -3.259218699103155359e+01 9.509199701024749629e+01 4.684474012200658422e+01 -4.101880819203415740e+00 5.616223589220601298e+01 4.184790606289209336e+01 -2.909591808928921353e+01 2.120336956892406022e+01 4.490622210462734643e+01
2.820565080280303505e+01 -6.640465869669154131e+01 -7.617246992160644936e+01 -8.975978749029312098e+01 3.117182129497555820e+01 9.762433337217655094e+01 -3.096087949015475260e+01 -9.473771109596853535e+01 -2.823382356685411310e+01 1.082219140110929345e+01
-4.926920948136588407e+01 1.738460463344834750e+01 9.570307770248959400e+01 5.710157761757960770e+01 -3.247503551443931258e+01 -6.332308471132787986e+01 -2.197075775734333547e+01 5.323719968320602902e+01 -2.164152764804958906e+01 -5.873924868016204925e+01
-7.111577711107770483e+00 6.048339653538712923e+01 -6.515775989021534542e+00 -6.354484577776545962e+00 -4.346919927820938057e+01 9.043153572410477636e+01 -4.677635034083509424e+01 -7.542492607384039616e+01 -5.327230019957426066e+00 -7.250227531297461780e+01
8.405463620771200794e+01 3.560300521845209687e+01 -4.814254734896139354e+01 -2.627874823870241983e+01 -1.092693199276561700e+01 -9.783819529227739054e+01 -9.832310728610534056e+01 -7.967304187571149043e+01 5.938315325755840490e+01 3.316506241133566846e+01
-6.616307942934065522e+01 -5.172286323024459875e+01 -6.488635994291298914e+01 9.010336380845390636e+01 -3.994710032891573093e+01 -5.293402993612858864e+01 7.710848308907114301e+01 -6.029014272239028571e+01 2.432992908027975432e+01 6.760882569257341856e+01
1.746484602688539667e+00 -3.853188352441861753e+00 -1.845195791805707586e+00 -5.593558534229599388e+01 1.173950680927640633e+01 2.031097552222701097e+01 -8.967079425762231892e+01 5.669036704438326524e+01 7.847393943865915844e+01 3.444158287433049281e+01
9.131138863084032664e+01 -1.959737837693452889e+00 -1.855915048420486357e+01 -3.414554622352528668e+01 6.341980775198942410e+01 -7.074813909064334894e+01 5.595324803177041417e+01 1.105690372827497470e+01 2.650706321062887127e+01 -4.969113276202079277e+01
4.468799140874045861e+01 -5.503860879454330046e+01 -7.304845289607212067e+01 -4.808518127296807165e+00 2.194268768560625915e+01 -5.683437748161651371e+00 -5.823398038599067661e+01 2.383831758143585944e+01 -5.961681971232366806e+01 1.013970417462587648e+00
-9.573205473174495239e+01 -4.143887370434163131e+01 1.552450050498379142e+00 -9.106030965867549298e+01 -9.687130984816312207e+01 -8.166564253959056430e+01 -7.463105977459242979e+01 9.606401421114901495e+01 -3.275650223902732705e+01 5.498770971757411985e+01
8.097606600985309910e+01 3.451538124995693124e+01 9.864288639715047680e+01 -6.315638771890699132e+01 -5.373429621423133540e+01 5.339430143585482824e+01 -4.091152797039574551e+01 8.615427883104652551e+01 6.174950085068516614e+00 -9.238218991427970650e+01
2.624984409439070987e+01 1.398942757312033791e+01 3.704541303899935656e+01 8.123783380644570684e+01 -5.710162558948626099e+01 3.073525623306397847e+01 7.363994477961568919e+00 8.275469057518390059e+01 -6.777151613713839140e+01 -9.184408322508150491e+01
-1.226981676068909621e+01 3.639317078667585292e+01 6.676455648936291709e+01 -9.460483986050817862e+00 4.786375130302499770e+01 -8.828133220245942425e+01 -5.878577992296401078e+01 9.807861570907542159e+01 6.665433138158417137e+01 9.432100760503325887e+01
-9.289025690959726944e+01 -5.420665860967788063e+01 -8.748924178128532958e+00 7.789092849304154242e+01 7.608333459693125178e+01 -2.414046134741734306e+01 8.855769786051214965e+01 -7.380641673055734486e+01 -1.044843190999851856e+01 7.887482123607136941e+01
-1.944516260283089082e+01 -1.339172201697572007e+01 -2.025641472086716988e+01 4.005710476375767826e+01 -3.308530911803235597e+01 2.008342006533685264e+01 6.317465745090757423e+01 4.517516478794988188e+01 -1.677096419997354815e+01 2.178097309267118931e+01
6.026637921364161343e+01 -5.921133546506054302e+01 -2.499846358854445327e+01 2.646708723017195553e+01 2.380437972872977070e+01 -6.870939923031905039e+01 8.347079005433076304e+01 9.042991694570457639e+01 -4.685799855785182189e+01 1.679850883107292248e-03
8.133919433052895442e+01 -4.830847288045772103e+01 3.539244115161113768e+01 -7.329191049942005520e+01 3.376124515488351108e+01 3.730573591525245547e+01 3.154529754901378169e+01 -5.186911761870484838e+01 5.539341316986156016e+01 -6.895688856499214126e+01
3.309688600608370734e+01 -1.238214264544170362e+01 8.158201780046056228e+01 -1.677493588879907804e+01 -7.792246043425841151e+01 4.367889098512469559e+01 3.408307056166458437e+01 -5.844493115318189780e+01 8.523339242020801976e+01 8.238077158587844906e+01
7.726737609911467075e+00 -4.787851536270175501e+01 -3.947752920960765266e+01 -6.162935159599285129e+01 -5.393862102436644079e+01 5.799531219966428353e+01 -2.017424387664460994e+01 -1.792219181468115607e+01 4.940028260703940077e+00 -3.716186450083540649e+00
6.841637851860264163e+01 9.337473191903754355e+01 7.516472244492942423e+01 -5.659409241431203696e+01 3.643746351947712014e+00 6.995874476898958960e+01 -3.310665655592497103e+01 -2.146173866384459927e+01 5.179881118053870637e+00 -4.411996186902204897e+01
1.819874889992462386e+00 9.791391086965288082e+01 -2.081004000777451779e+01 -1.154416904778096864e+01 -4.480437937923220915e+01 4.655856187387402656e+01 9.985398474120214019e+01 6.976006781493367725e+01 -4.781656069729037029e+01 1.483054071542717622e+01
-2.857297213570988959e+01 7.555367403228828493e+01 1.542664255345103186e+01 -3.207803500650980766e+01 1.104708425608916400e+01 -1.880030169256485806e+00 -4.504440555088346798e+01 -1.993436912167589981e+01 9.888539925227917138e+00 -2.350359976883676438e+01
5.588383773320657610e-01 6.440060452321617390e+00 9.489334077704006631e+01 -9.884665275562500142e+01 -6.664547226998499241e+01 2.437921778835598730e+01 8.575238116787480180e+01 -6.018991883107375429e+00 -7.041183058860326582e+01 -1.076065518401894394e+01
5.529612983823119521e+01 7.864882351717650977e+01 7.725100946712757377e-01 9.434517238440506048e+00 7.214895082403495508e+01 -9.312926549879388460e+01 -3.678307351950744675e+01 -5.468095249840749972e+01 -8.902824185676021784e+01 -8.086984281675529473e+01
2.653990848713343098e+01 -8.774245773245796443e+01 -2.474815889595008400e+01 -2.028462184518519962e+01 -6.544477302325644530e+01 9.195390641176604163e+01 2.876346680765300334e+01 5.679527123700893299e+00 9.679966409142718931e+01 -9.183284803682114728e+01
4.139353188385626936e+01 1.821489630839722906e+01 7.953248307410268580e+01 -8.613332077978550672e+01 8.512938647164787653e+01 5.221542705719036803e+01 7.188208308380171729e+01 -1.503851382801484249e+01 -9.053477533910294994e+01 -2.194303681803060613e+01
-6.431688556573155324e+01 4.525770923860278572e+01 1.642903051671385128e+01 -3.570449234070211730e+01 -4.326749431597633588e+00 -5.146650409047273200e+01 -2.462191469598991489e+01 7.730784012883995615e+01 -1.011690639025744076e+01 -6.974529162962453199e+01
-1.509721942347607637e+01 -7.565739335198648519e+01 -5.548577060611536638e+01 6.664224967889808227e+01 8.716078240344970141e+01 2.686237337992476171e+01 2.372271427721076975e+01 -3.630672404865524783e+01 -4.105244595820533959e+01 -4.126523682879694377e+01
6.857758349535069442e+01 -2.609860875633465582e+01 8.461951725553117853e+01 -7.430836474345834120e+01 -9.906835471274237648e+01 6.478364286380411841e+01 -7.964179519820947917e+01 -3.012532656862832425e+01 -1.964693448400413445e+01 9.000108603589603717e+01
4.631901162428374619e+01 9.860357045488271410e+01 -1.181880778536805110e+01 -8.370600515925765706e+01 -3.970983057048258758e+01 3.127264066499407136e+01 -9.836099036711520682e+01 3.543172109848302398e+01 -5.136220342976443476e+00 6.347521870952903100e+01
8.418152714353482224e+00 -2.642689170403380672e+01 8.393637961160098371e+01 -1.275852456459176665e+01 6.146453521779443463e+01 -2.854316155263674659e+01 -3.504757767747466346e+01 5.599876919636383832e+01 3.527879268324159057e+01 4.887471325829696411e+01
-1.660087181347533658e+01 -8.758150250978908957e+01 -6.437383373420189514e+00 1.815954772181822818e+01 4.025683390009064055e+01 5.121976729579529319e+01 5.028830916279852659e+01 -3.954240814979612395e+01 -5.685098259182754532e+01 3.341209435821522789e+01
6.504462973242891621e+01 9.460453137485856701e+01 -8.784671343938840948e+01 4.060265258162297641e+01 -8.783716015837536872e+01 7.718401701201869969e+01 -8.712607625437183856e+01 3.204623591957684425e+01 7.072144003356561370e+01 2.431279892531171072e+01
5.935916488094349575e+01 -9.208491702841837423e+01 1.189949071611819420e+01 1.743882175101005316e+01 -2.833033891771768253e+01 -5.613879023468519591e+01 8.388783080168406059e+01 2.007238417473962500e+01 6.183248610298358017e+01 2.429832787327256938e+01
-8.297772246676736074e+01 6.274827268424058957e+01 -6.247578367999082616e+01 -2.842266935599266731e+01 -2.063198385107160959e+01 9.194149509452736879e+01 -7.629978456746790982e+01 -6.714968401743149684e+01 6.892427665660602543e+01 6.375291761682376546e+01
6.044474599448582808e+01 4.724149381561244354e+01 -8.115288445797503414e+01 -1.889776144339259645e+01 -3.423935134831614846e+01 9.652300105426914456e+01 7.467935373874149718e+01 6.292800509933925923e+01 6.452393380336863515e+01 1.878697632665820549e+01
-7.882715609629650544e+01 -1.609340083961534162e+01 -3.070440771301244354e+01 -6.240507015900504939e+00 7.414807128773816203e+01 3.036929322668697750e+01 5.731344399071218731e+00 7.455498116307234113e+01 6.379074692881471265e+01 -3.571605428035080365e+01
2.602912906718594854e+01 4.346742171177481850e+00 -5.299325661027389600e+01 -5.910928410411870004e+00 -9.271425280119041190e+01 -7.155969228758823419e+01 9.774396539584341781e+01 -7.948090688457520514e+01 4.054446830087709941e+01 -2.027253525813974022e+01
4.001224205949000634e+00 4.270946254468793768e+01 7.651936208119258254e+01 2.495168250306467428e+01 -8.536518288707355850e+00 6.620969872150689639e+01 -2.500342122207683815e+01 -4.989950913349770190e+01 4.840703510337016269e+01 9.825418818213978511e+01
3.301118519768380111e+00 9.008304879518078678e+01 1.327173095871157216e+01 -4.510456984438206973e+01 2.306378908512805026e+01 7.363978697139077667e+01 -3.623910401712240059e+01 2.878450527130254954e+00 7.589847246770415268e+01 -7.905805280130806523e-01
3.463130572271572305e+01 8.998855018350485580e+01 -7.626149105373237091e+01 -3.578640220145230444e+01 7.133748580574177822e+01 4.250593419122637329e+01 7.451408720945011055e+01 -2.582924134564606788e+00 3.191716967810484107e+01 4.957287966547951896e+00
6.138898450656736827e+01 4.628343331706395247e+01 2.817814859296990448e+01 7.259021522934415316e+01 5.603392446594980925e+01 -7.486094038350432811e+01 -6.146946649871585322e+01 -9.952702110730527352e+01 -7.987572499694010730e+01 6.325112911875123700e-01
-3.500542443903999867e+01 8.279836599482024440e-01 1.771533861697065504e-01 1.116415869787161341e+01 3.566884068976810340e+01 7.656936441452333497e+01 7.448521768927443532e+01 -3.245476862460012057e+01 -6.016926383738465489e+01 -4.765110559902370113e+01
-5.083133399960828314e+01 -7.510358631489421555e+01 -6.878064255937752591e+01 -4.063982548104387860e+01 2.642993675495608841e+01 5.077733926603292502e+01 -7.832116137227380648e+01 1.400447009926098474e+01 -2.720197431530775134e+01 5.480618508553527590e+01
3.979599413259620633e+01 2.925017784850206226e+01 2.097688813224809223e+01 2.563598888587701197e+01 -4.445463899716756373e+00 8.300730192435452182e+01 6.689199216563744699e+01 2.586116460291050601e+01 2.308051065871350715e+01 -3.555710623275744808e+01
-3.449291240362173028e+01 -9.489848281963637078e+01 -3.346345345720366993e+01 7.828504977696201195e+01 6.310861258516231942e+01 -7.389714423589452963e-01 4.685156695705978791e+01 6.819674165985486525e+01 -9.953926535883100257e+01 -8.816698204160175578e+01
-7.100835532299103647e+01 -7.412965568852277443e+01 8.237178246619498623e+01 -6.265726595442824021e+01 -6.057415151602325665e+01 5.944631726173548714e+01 -1.721738220379420170e+01 7.922734848984572409e+01 3.915128244723115358e+01 -2.429115973521815874e+01
6.956525669582447335e+01 -1.919604598007570928e+01 8.629061087282337894e+01 -6.265552420866842454e+01 1.220459488557190753e+01 -1.104812933316895851e+01 -9.807758979159039825e+01 -6.550194111978564138e+01 -2.430083238922109956e+01 -3.397065873282758730e+01
-8.386220505707026973e+01 8.966076006697250023e+00 -7.424685470714109670e+01 9.542119042260415540e+01 7.311987036760476144e+01 8.404108639127326796e+01 7.970941016944422586e+01 -1.797364652793278594e+01 9.145163335417223038e+00 -8.659790732006112535e+01
6.260872487602316028e+01 7.271959586694228506e+01 -7.334525953376342500e+01 -7.030589017896548398e+01 8.225631547798099064e+01 2.318837127155673272e+01 1.371888692538945520e+00 1.098971687967191713e+01 -5.410133543249173727e-02 3.497046200340170685e+01
