-8.816117610290243078e+01 2.090507957103768888e+01 5.727399120522915155e+01 3.469077092477814972e+01 -8.101471114057308398e+01 6.564382131989265190e+01 -7.914610220865567669e+01 -9.865347846788992570e+01 -6.050901615568918146e+00 2.701807012179899914e+01
-3.618161718196004983e+01 -9.182138021768997760e+01 -7.096013425914411243e+01 -2.201570734930378137e+01 7.175438699311700930e+01 1.057653778222334040e+01 1.359505164114949594e+01 3.411682040574456209e+01 8.861973048107029172e+01 -8.462306448305014328e+00
-4.862113190418617847e+01 1.512345014120522535e+01 -5.657981523851134398e-01 -7.299713157054803503e+01 -2.162048615639558591e+01 -8.012575737694402278e+01 -3.766858540056710325e+01 -3.881462003665608052e+01 8.981010345954450713e+01 2.806387248094378606e+01
9.968352627595072590e+01 -1.305332613396718955e+01 5.822949159259260909e+01 4.540667473329131099e+01 9.958898278924971237e+01 -3.312639361107937930e+01 6.320149894538886315e+01 -1.010423953208075432e+00 -6.862053706716098134e+01 -7.727425278408671261e+01
4.512303727887592686e+01 5.662264573026800463e+01 -1.231858288964006931e+01 7.894156072500967980e+01 1.610381431200507052e+01 -5.835433142326231604e+01 -3.864787127278421508e+01 -4.220515336363411052e+01 2.031171494005852196e+01 -4.566979486625515250e+01
9.831416919901877804e+01 6.884951568853909976e+01 -8.978732774600936750e+01 5.430410011253482594e+01 -6.551004565272744173e+01 2.112432161087225779e+01 -4.374660945122958822e+01 -2.738930480523474387e+01 -4.292030112623714899e+01 3.770312988921935471e+01
-7.979766343588144650e+01 2.763826182221120575e+01 -1.262997278584592209e+00 -9.925587655004648013e+01 2.727312202237332883e+01 -4.634350604453041456e+01 -3.214367419058285691e+01 -8.128226586966891887e+01 -6.995945353608078676e+00 -5.905239656919527391e+01
-4.006763904500856199e+01 3.850828964821852196e+01 -8.476391812433297446e+01 -4.163692409977102216e+01 -5.525149629321135336e+01 7.082358603461216262e-01 -6.169551977647201113e+01 2.882023403917682458e+01 7.492855400448166847e+01 7.412570412343879411e+01
-1.300734065631978353e+01 -2.576057487415025093e+01 -1.765537266853289111e+01 6.417112979625332514e+01 -6.446686788415689762e-01 1.678954830334254211e+01 -6.461873746343653124e+01 4.734813505075359785e+01 -1.934230550549867189e+01 2.056736673859983000e+01
8.423947307948353114e+01 -7.866440367966687575e+01 -5.687429224656768412e+01 6.054048149131284617e+01 9.294091027184231280e+01 7.285408169195346773e+01 -4.450377497427009388e+01 -8.782848318743813820e+01 -7.743052835362047404e+01 3.251717236971674652e+01
-9.274042139227340442e+01 -7.771283625867162925e+01 7.544938141593567593e+01 8.356517591579296322e+01 -5.702135075318764024e+01 8.043187329063965763e+01 -9.187733924482712666e+01 -8.748226018215700606e+01 -8.608369387302896314e+01 -1.458781018283576714e+01
6.955302200156333470e+01 4.182670170521450359e+01 1.346920179227659276e+01 -6.798080850514551798e+01 6.865440055006772013e+00 -1.031789382138450151e+01 5.740239676947481939e+01 4.446129700897003545e+01 -7.270770555467626650e+01 -8.620805534742868304e+01
4.404383535483640344e+01 4.625602149624145909e+01 -7.515258003908473938e+01 8.861973001877464640e+01 2.631635886204584551e+01 6.665236565273795577e+01 -5.371921432900972349e+01 5.395457615987101008e+01 -4.707662876370918070e+00 7.738057928068707270e+01
1.445949394408557964e+00 -1.567590284969469394e+00 -9.969967739628202708e+01 -1.942865161844409272e+01 1.496280574623089876e+01 -6.106541342585607168e+01 -1.406118878524293336e+01 -5.561638750664423725e+01 7.451284750648895283e+01 -8.193419511455108761e+01
-9.074717522732846930e+01 -3.585272009483826139e+01 3.652037073386637189e+00 5.012600986761722766e+01 3.175448870766797427e+01 -7.939690410097624351e+01 9.756613516385309026e+01 -9.310550627720411399e+01 -2.338897873464993893e+01 -5.000514173852812405e+01
3.015912007563321140e+01 2.947193374063576243e+01 8.659817277103891797e+01 -1.980918880783619329e+00 -9.244939823326762962e+01 6.792568527410114143e+01 4.348680703866696717e+01 -4.423202886135921830e+01 -5.105850780446870374e+01 -2.532072622720882293e+01
-9.870478205462849530e+01 3.358900576823813822e+00 -1.981101467775532399e+01 3.221201446644082012e+01 -5.679184093973492509e+01 -5.232526432409818540e+01 2.150919396154009178e+01 2.125427670831683713e+01 -8.069227316236933234e+00 6.491729890094379130e+01
-5.913187061050908255e+01 5.466288426529862932e+01 7.286445009479785995e+01 1.794445710463672583e+01 -4.506356692854864576e+01 4.536947800235390105e+01 -2.567196845488541612e+01 8.745504353757030458e+01 -6.417178529942063392e+00 -2.178225888329987470e+01
-8.605084327675618283e+01 5.670418594711432547e+01 -6.238180697431172916e+01 2.138342620265709115e+01 2.577602826960536220e+01 -9.636495733040742095e+01 -4.840342806984227764e+01 -9.638828967329935438e+01 1.339122240708508116e+01 2.584390281713915272e+01
1.742595246782514096e+00 1.132698400290732366e+01 -4.604735669366806405e+01 -3.373957514724115470e+01 6.451243144472664426e+01 -8.713250534020737348e+01 -3.609079680486379971e+01 1.922554307440611865e+01 2.762584524383137818e+01 8.047547440392966678e+01
