-4.523900147485073830e+01 -5.469831917593055692e+01 -1.018447701562834595e+01 -9.556157076121354521e+01 6.408536460944614532e+01 -8.754001771346045757e+01 -3.784614646520640946e+01 -2.881838939762025120e+01 -6.887565509433619582e+01 3.868819632117222795e+00
-9.158956507603440400e+01 -8.258158151795740309e+01 -8.421195993563217996e+01 8.014772088249821991e+01 9.996914361104626323e+01 -7.584869208124342777e+01 -8.248219481730707514e+01 -4.553909344336781828e+01 7.264347548903532470e+01 8.439414217155641040e+01
-5.510770602118589068e+01 7.808413443423953026e+01 -2.911712382692866186e+01 8.525814392019839261e+01 1.707267017893556726e+01 -8.562702340750158214e+01 7.203189133278783629e+01 8.475212029817174653e+01 9.678550261167251278e+01 -8.219015129235502570e+01
-6.333394380315597516e+01 3.542746092665225888e+01 6.896515890110498503e+01 -5.360304003338784895e+01 -6.551214223162295980e+01 -7.518366390606630034e+01 6.499852256242974136e+01 -7.263260150856100950e+01 7.298789889304262601e+01 8.185393516792152013e+01
-4.221406489319207367e+00 8.378605017101492081e+01 -7.619410349320932596e+01 -8.446662890999860451e+01 -9.359593551093709607e+00 8.773939937518613874e+01 1.451603768131228378e+01 5.685897435171986558e+01 -8.687635550192949552e+01 -2.930994732865772789e+01
7.954174069184233531e+01 -2.551930372173703176e+01 -3.009637307371222903e+01 9.981333834859049148e+01 3.184864792555333679e+01 9.728087122498845929e+01 7.325762109423007473e+01 2.305261924408810614e+01 1.029196524167959126e+01 -6.648624250401194047e+01
-2.233828814081584824e+01 5.958708800295354990e+01 1.025533183883044330e+01 6.628141943460005336e+01 -7.133901780898055733e+01 1.409051484480639260e+01 2.041927454781678364e+01 -2.389376723257383617e+01 -1.256120819133856514e+01 9.270376033224908952e+01
1.686795738139809941e+01 7.947678305993457570e+01 3.670920396102289374e+01 7.949631976723955518e+01 -5.178144329580121052e+01 -3.213588663814483937e+01 -6.545581535979306409e+01 7.350510112582909983e+01 -4.668665372546427506e+01 2.081871670829751508e+01
7.256926134847248022e-01 6.210288582877007002e+01 -2.113677440597081159e+01 -7.158138704676224506e+01 8.999505184963325632e+01 -3.243968388246678103e+01 -6.804340551262427539e+01 2.795759150667988990e+01 -9.089211177989477619e+01 3.131082505022743590e+01
8.623333156672768496e+01 -7.337579597056119951e+01 9.992394982479254395e+00 -7.678911106928359231e+01 -5.350996663613574356e+01 1.061793057096234350e+01 8.365262539068228875e+01 -5.321093262646770228e+01 4.657327021683670409e+00 8.668323180964819130e+01
8.030685117392769712e+01 -4.883056023425491787e+01 2.243139817338699515e+01 7.553777092745968957e+01 1.876544494916896610e+01 7.846348335562544207e+01 -5.811617218079061331e+01 2.075436931910346061e+00 -1.848082785550246854e+00 4.967774049838945416e+01
-4.014721037675626292e+01 2.606245302435515043e+01 -1.636397923114184039e+01 -5.840382749199319790e+01 9.811795773641125606e+01 -7.856867228021701521e+01 -1.479403007056025388e+01 5.168432859359111831e+01 -8.538462072579689277e+01 -6.482894225821145540e+01
3.936521953737272383e+01 7.123971672587100556e+01 8.538889516473577146e+01 8.392469466058707894e+01 9.639377698072740941e+01 -9.976580531178018418e+01 -9.857727617898052586e+01 9.394976697393911991e+01 2.518337456882851200e+01 -8.330235665097063702e+01
6.245150994880947337e+01 -2.130320213491569348e+01 -1.205937672551327466e+01 5.445614373832609090e+01 -3.810698566008869648e+01 2.262086018548043853e+01 -7.865786672737600327e+01 -9.244165079581235034e+01 -1.388484612620528935e+01 -9.826678138118509764e+00
6.491813093879031271e+00 9.062216612913289282e+00 3.723218604515852803e+01 7.295264158833109036e+01 5.072695041521504322e+01 -2.034432406283750083e+01 -7.379196647424757316e+01 6.118267672930329582e+00 7.679161753336717311e+01 -2.652183873404949566e+01
8.026084854909453270e+01 5.001203525222987878e+01 7.858903965326027219e+01 -9.723399307078683762e+01 -7.274957774853092474e+00 4.739730015369195826e+01 3.996697449585983009e+01 -6.933973357317273667e+01 -7.730700336210267665e+01 -1.844045096432742525e+01
5.971877569203425651e+01 -8.059008813782003244e+01 -8.938656420308454642e+01 4.780404153730168559e+01 -3.161969194397468641e+01 4.803711561287343557e+01 6.838904845030353385e+01 -3.265030836901465250e+01 8.423909533752345169e+01 -3.617055313125887750e+01
-8.035324222586237397e+01 -4.929017464166000906e+01 -1.044748281659495603e+01 -1.818165753417204655e+01 -6.935547268518335784e+01 -9.132277352029014139e+01 -9.698798520773648590e+01 -8.438817665882100982e+01 4.267599085625712974e+01 -4.989487279966926536e+01
-7.521434812834442596e+00 3.542935858665629212e+00 9.802907291001599788e+01 3.011221071699478102e+01 6.441458519485206580e+01 9.314401933504228737e+01 9.360391968600276869e+01 -8.761989207631998511e+00 4.006104714221265795e+01 9.573181207054105357e+01
-4.104932465939950248e+01 -8.436198598649100688e+01 4.122705214814305918e+01 2.023305272992091375e+01 -3.997496167132339195e+01 -1.289378467406103823e+01 2.744112348302414262e+01 8.711341775751702698e+01 -7.992576958866004588e+01 -1.383628837109753817e+01
-1.660461696735065118e+01 9.273177449584903798e+01 -4.483721038164148354e+00 6.416976337452601342e+01 6.579461258283438951e+01 -5.125988072575908916e+01 8.393635040818148241e+01 7.409792893951555470e+01 -9.147940321367762806e+01 8.600455915671381035e+01
-9.391057160856797736e+01 -7.376129627093976637e+01 6.240131432719010718e+01 3.447000405797615485e+01 4.212993760299858081e+01 -1.900583748745286528e+01 1.015955792539904223e+01 -9.276964685974782299e+01 9.753011540694564019e+01 -1.107743329333037252e+01
4.685037607255247849e+01 6.809484256835588667e+01 -6.929995535166524689e+01 -9.999570419658338949e+01 -4.979217120825201448e+01 -8.883583431144532483e+01 -3.088181670142724045e+01 3.460429776833780124e+01 -2.795366127716188487e+01 1.140728773394353368e+01
-1.086523973144410604e+01 -8.050004969328364268e+01 -4.903006108069287450e+01 8.113770021301226620e+01 -6.717053479914000036e+01 1.564781319945267057e+01 6.699247839779644664e+01 5.151253587046454641e+01 2.153889730004220837e+01 -4.547467552048336614e+01
-1.291257550585956437e+01 9.067968349736494815e+01 4.823500878420915683e+01 5.090259842098433296e+00 3.275989803569169112e+01 -3.338069467497903986e+01 9.196302351689072907e+01 5.760543933647468862e+00 -4.825330241828369537e+01 -7.496207880968562165e+01
-6.068235092702829547e+01 6.131604519773932793e+01 7.307746007383153142e+01 -4.029061561446924600e+01 -7.995744890401532246e+01 -8.518567211525038374e+01 8.850608483520559844e+01 -3.348521380096400435e+00 7.144943695823246799e+01 1.896683992838264032e+01
5.329068941258142900e+01 7.671465778471699082e+01 -6.974421846602149344e+01 -4.756645390124010220e+01 1.730324378040761246e+01 -7.658489404827722069e+01 -3.891086411948012369e+01 1.811857215292984336e+01 7.525068876081448366e+01 -4.478797533569726852e+01
-3.914172026887403888e+01 -3.092318606313462226e+01 -9.909222487363935272e+01 -9.790251300065553153e+01 -5.361504512563948310e+01 -1.617582911823345171e+01 -3.883557808932964406e+01 4.849537564206579532e+01 4.748345592636837864e+00 -2.150255337718023441e+01
3.718857175726500941e+01 4.029610176012042189e+01 8.498143050882967486e+01 -1.586122520470627251e+01 3.292488353217683539e+01 -3.152412321677712725e+01 5.693049888404516423e+00 1.690438007254260810e+01 -8.385434746530651751e+01 -4.277070949635308494e+01
5.084114332593890140e+01 -9.203498583363347052e+01 6.460398065408307389e+01 9.862980762668627222e+01 7.717369606422718675e+01 -2.557211052589465794e+01 -7.534707308975494300e+01 4.909533833706802852e+01 -7.082431865031711027e+01 -8.413974758449234059e+01
-9.232004865336065791e+01 4.547133068396462363e+01 -2.448177934078029239e+01 6.449387012501449590e+01 5.598708274056093614e+01 2.435090818182912642e+01 6.991670282370316158e+01 -6.004026289202861477e+01 5.049211056739085279e+01 8.863856806777164365e+00
