-5.000003258060330136e-02 6.143066378654528500e-04 -2.611984856139471511e-01 -1.415552005551294623e-01 8.766259101834631418e-01 -6.565564871880793518e-01 2.271850762667459167e-01 -4.502279967435527941e-01 1.560160757182461333e-01 4.591169147050064847e-01
-3.282158924539937406e-01 -7.830196859379609520e-02 -4.073975137808241165e-01 1.013125682449497224e-03 7.757915116281313694e-02 -5.651075088225176318e-02 -4.540924105937949040e-02 -2.361082403971381527e-01 2.069385924833077872e-01 -4.312211503112214350e-01
4.137564664312719936e-02 8.960562076383310481e-02 -2.785816374259873496e-01 4.538445457884627277e-01 -1.091380457976543344e-01 2.924683551813058724e-01 1.556289105040821741e-01 -7.478644877501748611e-02 -3.976372710726082116e-01 1.844745940535400253e-01
3.111398686669568092e-01 5.742059775333049343e-01 -1.480010675345668492e-01 -4.114469644943707372e-01 -6.109707431449880842e-03 2.783949401115011490e-02 -5.250984789960242427e-01 -1.111813749838638232e-01 9.576235956216033740e-02 1.817524681293410382e-01
-1.522122214167353008e-02 -1.566265720018455432e-01 -2.178936397279761239e-01 -3.053101193606633582e-02 -1.709251972169571476e-01 -1.015700403593257639e-01 1.363844323740285025e-01 -3.485716556746341066e-01 -1.579526843653495938e-01 -2.334970028077003878e-01
4.098669529950313972e-01 5.938138094467832612e-02 -1.999227904664606370e-02 2.988950604277028078e-01 -4.288613977907954622e-01 1.741211549533128733e-01 -2.985921117127360858e-01 9.379212139584686136e-02 7.027113597229758812e-02 -2.991865336933605679e-01
1.190931653601864509e-01 -3.239424179401788062e-01 2.912391739836040494e-01 3.404379151639162493e-01 5.332950319181668508e-01 3.769114595717178440e-01 3.869798453506226310e-01 6.938395952403421107e-01 1.509832729451585087e-01 -6.027089459222917389e-02
5.925922028019194876e-01 -2.617918814780211337e-02 -1.208560205426357642e-01 1.312670533043958643e-01 -2.333415551227060181e-01 4.342314725163281403e-02 -4.071882628846771462e-02 -1.858179537300229866e-03 6.928039879211099761e-01 1.952324809712710774e-01
1.303807003458218039e-01 -5.437681398460240123e-01 6.917651942383003238e-02 1.959347348518295506e-01 -7.776631008077807827e-01 -2.458426287244905861e-01 5.197525735093347365e-02 -1.926116678465328302e-01 -2.548754212324766955e-01 1.263251120208990774e-01
-1.759150073110584134e-01 -2.663420771083150895e-01 -3.502969839922178558e-02 -1.160441550526157828e-01 1.196923527078805338e-01 7.912911685017176566e-02 -1.166707979168697257e-01 -8.419701430449925139e-01 3.334776867208215645e-01 4.281748730946058346e-02
2.420397915248900245e-01 -3.667893096097941952e-02 -3.444688689376579904e-01 2.032473238455120845e-01 -2.919991485891540450e-01 2.704384773188476809e-01 -5.589689868734967204e-01 -2.281075256005157259e-01 4.031822770870490125e-01 -4.461923528995460630e-01
-1.498861990205650752e-01 8.280072333736413492e-01 -1.535534247829850873e-01 4.749985515194982133e-01 4.088850830866446184e-01 2.838596217575198311e-01 -5.765310988980773543e-02 2.920210840693802656e-01 2.495008620788131126e-01 -4.443799636356287053e-01
1.281244679613979254e-01 3.115125384904764427e-01 -3.947830760806611550e-01 5.426896657862245732e-01 -8.718226456319583262e-02 2.545188537764370151e-01 2.652463250914426432e-02 -6.454082278584151178e-01 -2.408216210217304643e-01 1.306736396135304568e-01
7.136191944726100189e-02 -2.365367054377953970e-01 -2.087813728280449310e-01 2.182918839107386155e-01 -5.570041557107930918e-01 3.218638964472116393e-01 2.645341458438683988e-03 1.640062585545677687e-01 -2.671061471828098388e-01 -1.715281522797287295e-01
-1.492358382379108950e-01 1.306457314354445565e-01 5.194305594955285210e-01 -4.115398571995405042e-01 4.823515749783937462e-02 -1.752728141958618813e-01 1.742318879814454824e-01 -1.063014091421654872e-01 1.716722737243545627e-01 3.234306968263510051e-01
1.166169531328673514e-01 1.666080559040185316e-01 5.171190660461652544e-02 3.545122412051606164e-01 -2.045607832089097744e-01 -1.546536256388765240e-01 3.245190379718148055e-01 -2.876700721645527592e-01 2.191664251122357465e-01 -5.767049733687480417e-01
3.550481120411409508e-01 -7.551969213110949763e-02 3.622928828245695065e-01 -1.160553081272871767e-01 -1.891040046539972930e-01 9.546644496904371779e-02 -3.809599536412109355e-01 5.348012881328435553e-01 1.694093948794496707e-01 1.281010082055885901e-01
-3.368681844594748065e-01 -1.336543134300157420e-01 3.877239821234970130e-01 -3.194477262178119746e-03 -2.016877424906706948e-02 -4.815809763315012648e-01 7.132792936312902787e-01 1.054288390349301524e-01 4.556169788689014566e-01 4.487567168366327075e-01
-4.281298513118150240e-01 1.891753328473966544e-01 5.825458325574586760e-02 2.955254974506489885e-01 4.727243982607628459e-01 -2.868980705223496686e-01 3.521758880165240524e-01 -4.096404396153019989e-01 1.424429129929482285e-01 -1.611160768792768150e-01
4.567936845570605420e-01 -6.804359310479527467e-01 1.903553287627204882e-01 3.231607702941062255e-01 -2.576806676462664036e-01 -9.781618367008844406e-02 -3.567955940208614729e-01 -1.875826363779414113e-02 -1.933349136113826361e-01 1.823998888512763650e-01
-3.117416856881873310e-01 2.318105976475000607e-01 -5.242535481569112754e-01 -3.254840301692024096e-01 -4.307169806174379612e-01 -1.371353768284961916e-01 -2.801933202581964877e-01 1.677270456796038367e-01 3.467012419397074718e-01 -8.153270559778201532e-02
-1.327229001970644529e-01 2.311024112932830166e-01 -1.466545185935960449e-01 4.908426213939640070e-01 2.246091304405775368e-01 1.477967909462302443e-01 -1.726094602177174336e-02 1.060979596484837445e-01 2.796564099782565260e-01 -3.657021189446705428e-02
-4.220320637188466617e-01 -3.979615858629527159e-01 -1.236581649556381252e-01 -4.063344129966754981e-01 2.542011612403357046e-01 3.245311846840325809e-01 4.399246701877396193e-01 -5.330750960338250799e-01 3.292123587221551864e-03 2.479937702314216064e-01
-6.327325303077876995e-02 5.159295436722353967e-02 9.292181836613181423e-01 -6.401270062115690385e-01 -2.000668486665845291e-01 -7.827141882136965378e-01 5.911574242941989299e-01 -1.217622757710215137e-01 2.813052780751049142e-01 -1.136573549160566216e-01
1.965977163974104436e-01 3.020930873227359870e-01 2.303365724727113317e-01 -3.375723569300381754e-02 4.066938143452220600e-01 4.304974845574546100e-02 -3.953487859009118810e-01 3.959239163484314789e-02 -2.451698037854439793e-01 4.376401084370616368e-01
-3.933930864184230491e-02 2.688929364966401447e-01 1.745490497383043182e-01 3.320494285183718808e-01 1.360157738231514701e-01 7.417101834074023119e-03 -3.259095759113971869e-01 -4.006017398529503337e-01 1.539220456039115947e-01 1.358251153199798167e-01
-2.371608970170319686e-01 4.892115496685617987e-02 2.259698169428770442e-01 -3.196896579380786863e-01 -5.963605362400929977e-01 -2.780807104069599189e-01 -1.823621790333716242e-01 -7.241782236734389810e-02 5.951164666863756336e-01 -1.887443930552938284e-02
1.730914775689285368e-01 -1.558080049291302172e-01 2.956933535708758942e-01 2.519554096406861343e-01 5.040458023549474476e-01 4.214482050550694137e-02 1.937222657755948152e-01 -6.430776585968714376e-02 2.847393538177439565e-01 -8.050278456866534482e-02
-5.871158319727488861e-02 2.453290822549783201e-01 1.657036166636979002e-01 -5.117768168790036709e-01 2.508566409375215245e-01 -1.571958900627580535e-01 1.212326241001624866e-01 -8.027378575744505140e-02 -4.076254830105308091e-01 5.306133023906359769e-01
-1.252723013181226142e-01 -3.547913396537413777e-01 6.331662265749186114e-01 -7.466182780468975100e-01 -1.096626887346198800e-02 -2.110939235565213734e-01 1.087694028033730637e-01 6.500923744897413314e-01 3.456927716320516986e-01 -2.020047267147711267e-01
-2.786873651373809047e-01 -6.245432299508385521e-01 -8.891561946175342845e-02 4.526900571236081583e-01 -8.887231595070249623e-02 6.299898525414959760e-02 3.453430385011617143e-01 -4.228756274596057185e-01 5.937720087673749036e-01 2.426554705360930986e-01
-2.597926375315701697e-01 -3.548008496484019170e-01 -2.472635973288325462e-01 -1.685139755332187295e-01 -3.510453943682018130e-01 -1.143802504835367793e-02 -1.578641917323904409e-01 9.336273766203616320e-02 5.214217717674256292e-02 -2.257939434155648573e-01
2.911284814666664222e-01 -9.110753556846171164e-02 3.613960587174312455e-01 -1.674533163510814049e-01 2.680141361779017628e-01 -1.100808753257137562e-01 2.508448172334979964e-01 -4.573776092168843066e-01 4.678800317515313112e-01 4.701836975713951511e-02
-4.806189291475403969e-01 -1.785301375690126480e-01 -2.745367839100609775e-01 -1.383362088428945202e-01 -1.752560462969693922e-01 -2.150484680232703505e-01 -6.855166016374097948e-01 -3.944759466667702164e-01 4.377206339604938212e-01 1.571521489465982357e-01
-2.125130091047277570e-01 2.422464109901460438e-01 5.437898883685894358e-01 4.155840448212279048e-01 1.444669668042279642e-01 -8.717776782460251103e-03 -2.618032825788468299e-01 -3.270858011883900907e-02 -3.114706201420214260e-01 -2.698178806084810533e-01
2.756412454374598253e-01 -7.233736171974426699e-02 3.725681420098808094e-01 -7.504619539566725894e-02 -5.048360280754302654e-01 -2.661187674239907097e-01 -4.948586911765975871e-02 -1.772016667893958064e-01 7.284062091699721186e-01 -1.196562811408943827e-01
1.767832811442474339e-01 -5.863180567326699288e-02 1.131947174323863353e-01 4.748490684928267092e-01 -2.035373364887596848e-01 2.737530574826028129e-01 -2.621309806260929600e-03 -6.137481490943126616e-02 2.928705090441889869e-01 1.573743490459013350e-01
2.340469186807561108e-01 -1.397107994903031836e-01 -6.480278901028748914e-04 -3.215892440292180549e-02 7.490107311788739286e-02 -1.074991346161720956e-01 3.950511989207141500e-02 -1.751959873043944516e-01 4.742507343958992094e-01 9.402189555907450313e-02
1.660554561528385931e-01 4.059160397863242897e-02 3.364884174231427133e-02 -4.896677180000010843e-01 1.116981887514153782e-01 4.863066148373684783e-02 -9.254508719871190614e-02 2.848316094331144743e-01 -5.298160054326576940e-02 -2.908695191590620066e-01
2.538210047864872809e-01 -1.145121148424757540e-01 -3.575025102978587332e-01 -1.138787013914466378e-01 -1.362279745401547004e-01 1.239464776602785950e-01 -2.047605495723438251e-01 4.072546835385433273e-01 4.217826509739099061e-02 1.491633424939717012e-01
-4.811217857978414281e-01 -1.722539792711503259e-01 3.025530198511042212e-01 2.049696985600942267e-01 -1.991869558559754283e-01 1.706817909512776520e-03 -2.468928418749834486e-01 7.308596364163060244e-01 5.469441748588304425e-02 2.016606115789729148e-01
1.562389989738117158e-01 -6.920149343954558052e-01 -4.866945071523283151e-01 1.290825506694454061e-01 -1.219526944738408801e-02 1.116455429346125822e-01 4.419416691308728495e-01 8.974989541572041263e-02 -3.691863553451331104e-01 -3.409672316365806588e-01
-8.851535256171411126e-02 -1.950376490488647530e-01 5.511988240764597036e-01 6.525547673174326990e-02 8.925763233901459759e-02 -9.025362461479349840e-02 -4.125051477346322604e-02 -4.505257415330498616e-01 -4.308278253324493434e-01 -9.185162298423955873e-02
-3.393436750452787365e-01 -9.697669372490139716e-01 8.968588105327728321e-01 1.457353855665312059e-01 3.681529324641318324e-01 -7.044235086909877985e-02 2.968824543846660877e-02 1.509578786868373546e-02 -3.010436790850694322e-02 9.383469901137300728e-02
-8.276261025571844676e-02 -6.482372067622653444e-02 -6.128689199945554916e-02 -6.948950014441361046e-03 -5.532814028809831530e-01 7.305015781192542024e-02 2.727630032230755619e-01 1.184740545822537960e-01 5.273253670559138045e-03 5.066715751676302837e-01
-4.788138997758167315e-01 1.976246333473788697e-01 4.480274745854172513e-01 -8.859730247936601494e-03 -7.570803416333744817e-02 -6.180255785958407300e-01 -2.640806850628468205e-01 -1.897738532157669800e-01 4.099538422174505148e-01 -1.753045392970805638e-01
-3.525110937027974845e-01 2.178798005723256159e-01 -6.431358947228893452e-02 -3.098112625129011977e-01 2.027319260945631973e-01 -2.279064881647086815e-01 -4.373481230020222904e-02 -2.287720068649159166e-01 -8.739587521641672963e-02 -1.868199806233725446e-01
1.669205118158481327e-01 -1.318929895103820304e-01 -2.465500275984450207e-01 2.579674508714893122e-01 1.907536624681896165e-01 -3.454504341517884713e-02 -2.442758322465364285e-01 -2.082589828808821542e-01 1.560492438943208438e-01 3.728193370411930219e-01
-2.617972112512059746e-01 -3.225137685302990054e-01 5.913631692381844385e-01 -5.781015973928379514e-01 1.074136092452514096e-01 -9.156290558422382209e-03 3.428214418600846001e-03 -4.683851149927360097e-02 -2.956073274327500333e-01 5.565812167611123851e-01
3.815412834780355922e-02 -3.634902210955281432e-01 -1.681204335831573693e-01 -3.139970109339031978e-01 5.155196355339241449e-02 3.943743478160166571e-02 6.649620854427907846e-01 -2.263211118979097380e-01 4.385208019444428729e-01 -3.402338422529651019e-01
