-4.002271369739195950e-01 2.310321866840157057e-01 -9.622716001562255095e-02 5.821991027625045972e-02 -4.379304262641601220e-01 -1.616831882701674217e-01 -3.431772572084339223e-02 -7.587176784131494101e-02 -4.831835189752976822e-02 -2.751400622787981143e-01
-1.038173853080404524e-01 5.314923955589008209e-01 -6.549548681281862628e-01 -2.969348671658842420e-01 -3.624273094531170469e-02 -6.818307347843984845e-01 5.351033332528076780e-02 1.808317988299133761e-01 4.633365049887744336e-01 -5.107586197074585055e-01
-7.810253210715406569e-01 -1.876116030716842020e-01 2.872470173358617207e-01 2.097741832512683424e-01 3.152309293093084053e-01 4.068936083853108010e-01 1.369663526878711346e-01 -2.392961655099510310e-01 2.335258446859520831e-01 2.052375373704984629e-01
-3.137388322406814423e-01 -2.013320741339122699e-01 -4.436817182695886874e-01 2.404695453915756398e-01 2.577044347902303634e-01 -3.631707421302812211e-01 1.025252656081799690e-01 -1.534001121327946415e-01 -2.209205899139125850e-01 -2.347234622810499272e-01
-2.055265230746797789e-01 2.265808349014584999e-01 1.991482782015079611e-01 1.733698394777266061e-01 1.959783070690554185e-01 -1.467219209075949216e-01 -1.715126224700650182e-01 5.636415233260802515e-02 -2.468804888195111624e-01 2.955226736713809088e-01
-3.812749657344188248e-01 -5.523335286176434683e-02 -1.148548728889101783e-01 1.231504701744817465e-01 3.594977828113498641e-01 3.181438109522138347e-01 -1.301196653105447798e-01 5.844370244655925362e-01 7.753575837249391256e-01 -5.339620787871785651e-02
-8.389477273295783410e-01 1.204112008644606657e-01 -2.076299523797424662e-01 -6.620250521829501578e-02 -1.160698224082657576e-01 -1.119319703912934755e-01 -1.170550481236125456e-01 2.250851251148202822e-02 -3.488066206960970250e-01 1.034842181700539099e+00
-1.256452845397649509e-01 -3.932300154235308098e-01 6.962715077803833807e-01 -2.594150142219573962e-01 -4.944449670280166853e-02 -2.762279995490378726e-01 9.274892499249240418e-02 6.334443946199920517e-02 -1.180138512780342930e-01 -2.648541262037336641e-01
-9.559227615600471295e-02 3.280706824120007137e-01 4.647730063664253786e-01 -1.304128319213252729e-01 -6.916128682656250692e-01 2.101139377988089918e-01 -2.217123946660966016e-01 -2.133482917473698837e-01 -3.208100243448875899e-01 -3.154956044009931126e-01
-2.975287165249276833e-01 -3.484179791038845564e-01 5.865336503602760349e-02 7.409080729083546979e-01 -1.559097692215668518e-01 7.384325960868180772e-02 2.312059606327590000e-01 -1.699362129954717637e-01 1.643923291423559085e-01 -6.249854457207569547e-02
-2.085664191439847576e-02 2.918597877887678660e-01 -4.199326842964268280e-01 2.483563593249152879e-01 -4.309804579262409563e-01 2.960981427163589252e-01 1.943020067581807675e-01 2.314223365669467181e-01 -2.372048256890668116e-01 2.045943652532045409e-01
