9.896885029499287612e+01 9.895459776937613583e+01 9.843629007113470664e+01 9.904232508238531807e+01 9.931373927302189486e+01 9.946049765376233154e+01 9.879668373846580209e+01 9.896186152212544584e+01 9.896312201751084103e+01 9.922599071452171415e+01
9.903136532150742255e+01 9.918330239663585246e+01 9.868127271470370943e+01 9.905737522570571230e+01 9.948251495839575398e+01 9.921513237306430710e+01 9.865996791055199822e+01 9.898760795526543177e+01 9.906658589105323642e+01 9.949818160916782972e+01
9.890832909127414041e+01 9.913190565348455152e+01 9.849315716815900146e+01 9.915606197356545692e+01 9.939636571343724825e+01 9.912740553722173331e+01 9.883449666920668619e+01 9.888318102663885156e+01 9.886865136992803116e+01 9.944534583944739836e+01
9.906960232308563263e+01 9.904695738686382356e+01 9.858513041100796670e+01 9.896294267892086793e+01 9.918096476553009211e+01 9.932955036550127659e+01 9.899417606252427504e+01 9.884572586820729612e+01 9.888822839955305710e+01 9.944065790258217419e+01
9.891750419439212294e+01 9.910701626029492672e+01 9.866462741831782068e+01 9.900441385410907458e+01 9.943209345733573912e+01 9.923268707364455565e+01 9.870337933619248361e+01 9.888932647189314196e+01 9.901070437662794177e+01 9.955466941242102052e+01
9.905674504507805977e+01 9.920267607104580065e+01 9.860513685635078218e+01 9.911044496308267071e+01 9.950083158805612982e+01 9.925014190003008707e+01 9.883265962991734455e+01 9.897450673692766543e+01 9.887663483024310551e+01 9.936729555933446534e+01
9.883199857556954271e+01 9.915198851383678402e+01 9.868724573857204518e+01 9.912225798314999281e+01 9.939063203295829396e+01 9.909515699699902314e+01 9.874360791855123409e+01 9.891805328714202972e+01 9.883658906008044198e+01 9.942546933297649048e+01
9.897468187149601704e+01 9.925098408272680217e+01 9.853764114406051533e+01 9.886417139783198138e+01 9.942873740929670134e+01 9.933241605061526514e+01 9.861022310428438686e+01 9.900968372092265213e+01 9.887840460754013350e+01 9.956464001474347469e+01
9.902192619714256239e+01 9.927409103751452335e+01 9.864128528682300612e+01 9.885018291580735195e+01 9.933080976133857121e+01 9.923739473563820468e+01 9.872270164333816922e+01 9.889192609854109151e+01 9.896926823356453440e+01 9.946784065194930236e+01
9.903027847713295273e+01 9.906628515091460940e+01 9.858797486733553228e+01 9.913191215910640608e+01 9.928170220666901002e+01 9.928031408153277937e+01 9.869602918719444062e+01 9.895734557955393029e+01 9.898210051513265739e+01 9.939572601489342674e+01
9.877402505461367355e+01 9.914392550743652066e+01 9.853607887090541340e+01 9.903591668868230613e+01 9.946945110238686993e+01 9.908852255598031888e+01 9.880402338288915587e+01 9.881429564200351479e+01 9.908577446279045375e+01 9.956770094110008529e+01
