-7.059684619085086865e+01 2.921790979010174638e+01 -7.312814877438545125e+01 -6.855165882604499927e+01 4.037329060759846655e+00 -6.460820622666037139e+01 5.035695890147114540e+01 5.027304090756258859e+01 3.536291767861660418e+01 -5.586276486009150943e+01
-7.091657654732053118e+01 2.896304070387279594e+01 -7.366450630492246887e+01 -6.884773604417409842e+01 3.518711910855068403e+00 -6.464578461316280311e+01 5.054357366519278827e+01 5.067507687346007828e+01 3.483670623287621027e+01 -5.656567913448107987e+01
-7.002460542577712488e+01 2.939868311760385566e+01 -7.355227100532428608e+01 -6.874868336680715686e+01 2.952010417279189891e+00 -6.441980641919259654e+01 5.096020903201652175e+01 5.108752394043219880e+01 3.558941066123998809e+01 -5.622505699330699258e+01
-7.025315430124744864e+01 2.929990076733608362e+01 -7.367285759122364652e+01 -6.847053129051843712e+01 3.146509937877184804e+00 -6.523247110245767999e+01 5.108957481056610561e+01 5.019084997393302672e+01 3.568447629883747396e+01 -5.583629565077042400e+01
-7.056437499939470115e+01 2.916010428930919574e+01 -7.386165459197401617e+01 -6.873079735533021051e+01 3.359502457039473367e+00 -6.459876012244166077e+01 5.087839109306448648e+01 5.081600102493938209e+01 3.583077922468396537e+01 -5.603836746002301794e+01
-7.031800446698744622e+01 2.932110061000171086e+01 -7.323632448222450364e+01 -6.799100138861743403e+01 3.458717584083644603e+00 -6.485975114312203971e+01 5.117890268758875294e+01 5.093401164861653996e+01 3.509265249036928225e+01 -5.611062680077100140e+01
-6.989393284913981574e+01 2.916955228964146229e+01 -7.309033858669533856e+01 -6.857476255563403811e+01 3.524165202293903842e+00 -6.455695858461717762e+01 5.130759796004216611e+01 5.051031992088169176e+01 3.565837359369450610e+01 -5.574881311313482968e+01
-7.058591371412906312e+01 2.903518615761075239e+01 -7.299881226914916965e+01 -6.857911990887814113e+01 3.783760690314444286e+00 -6.478312224241031458e+01 4.994313330949471208e+01 5.064287657775980733e+01 3.532782168442125936e+01 -5.627616715744454723e+01
-7.077190198840263236e+01 2.941431921682057649e+01 -7.349722691782979211e+01 -6.825034161866061311e+01 3.525492200342231541e+00 -6.469328533914867307e+01 5.090953176330423702e+01 5.103081038374185852e+01 3.551137416578600181e+01 -5.589159050167864962e+01
-7.069434667274252604e+01 2.969401698062603856e+01 -7.343116105033755048e+01 -6.826906655732801710e+01 4.016084139317341872e+00 -6.409234402230676153e+01 5.067959754690972574e+01 5.051041512831775293e+01 3.556369794393000205e+01 -5.558678467866678830e+01
-7.056397263531246722e+01 2.839367256267943063e+01 -7.366885324121793133e+01 -6.821214308213313871e+01 3.568913049273268800e+00 -6.446987260873348191e+01 5.090742749022814451e+01 5.122343089065579846e+01 3.524209457160858250e+01 -5.602178958668823583e+01
-7.043166963647013290e+01 2.985905505603092891e+01 -7.328708701717995666e+01 -6.887582883142438561e+01 3.973962112451380868e+00 -6.403183871254518067e+01 5.123769141196273580e+01 5.053142850222170779e+01 3.609111753433569447e+01 -5.615832152063106264e+01
-7.032757955713785236e+01 2.937409916060803639e+01 -7.295778318146351182e+01 -6.841448436195815930e+01 3.679469160877730793e+00 -6.461118506468795886e+01 5.135147958008665370e+01 5.084730096531847465e+01 3.584401340929749580e+01 -5.569040230946252024e+01
-7.076440979210397586e+01 2.872655346677769117e+01 -7.356778743059271619e+01 -6.872999143142588707e+01 3.693885875965866372e+00 -6.459638383267558481e+01 5.099130885016294457e+01 5.082065048706691357e+01 3.564442943698268351e+01 -5.625993868868950898e+01
-7.094104207225508674e+01 2.899154847817932179e+01 -7.318181860541214689e+01 -6.820511781352409741e+01 3.027138604460835936e+00 -6.414073298463534911e+01 5.089823019283199557e+01 5.103285880740222780e+01 3.536889442181122689e+01 -5.627349128446363125e+01
-7.035854503481860434e+01 2.994536812654279601e+01 -7.359869468875828602e+01 -6.861531712911978786e+01 3.707062963918961174e+00 -6.435514205420778922e+01 5.055946940594598260e+01 5.097939569551505912e+01 3.555168322074528220e+01 -5.578879054172049479e+01
-7.057938948708353166e+01 2.932946021949642201e+01 -7.333598218146320846e+01 -6.868712402869267919e+01 2.871840145196466132e+00 -6.490451719785973239e+01 5.061349899947454389e+01 5.030347489797787119e+01 3.527626325990895140e+01 -5.555690022924924421e+01
-6.993265325306292368e+01 2.911761315953881990e+01 -7.342011603498816896e+01 -6.921943894804795150e+01 3.062818724628038947e+00 -6.407226910299227995e+01 5.133794810839381029e+01 5.075389730256167553e+01 3.547646027117324508e+01 -5.634665931825806950e+01
-7.072612487733458408e+01 2.921014497764159046e+01 -7.301020370313587193e+01 -6.876289854141234059e+01 3.347958826336685956e+00 -6.472199683701367690e+01 5.075027846210902283e+01 5.066715592705000404e+01 3.513457847862623851e+01 -5.681544464047641441e+01
-7.123168283471544271e+01 2.883818644460015790e+01 -7.282518537463108999e+01 -6.913085300433240832e+01 3.258270078356054089e+00 -6.432901382970268855e+01 5.130240831514117161e+01 5.093968516911346001e+01 3.606660114626138380e+01 -5.588776852970702436e+01
-7.078010648168890384e+01 2.960141748921480342e+01 -7.274463381503524317e+01 -6.825094394693925892e+01 3.732934863742734422e+00 -6.446543484108823918e+01 5.109091592507490276e+01 5.091977860048690729e+01 3.529761187903611130e+01 -5.607408598769976038e+01
-7.011900752991687114e+01 2.931592246134936630e+01 -7.362774018665336939e+01 -6.878196803770381962e+01 3.346176006680081194e+00 -6.483739401770139921e+01 5.088209255845865897e+01 5.124983239169578297e+01 3.605664639298129259e+01 -5.589712826088995001e+01
-7.016175278933545201e+01 2.895765593225191736e+01 -7.303200481434252822e+01 -6.845667323185672615e+01 3.338377388920750644e+00 -6.449184457305395313e+01 5.139131470466756468e+01 5.110514682600137348e+01 3.556345712156721106e+01 -5.681413862066417408e+01
-7.053410499894657448e+01 2.915616966572381941e+01 -7.339069887808548742e+01 -6.862388191322224884e+01 3.447290518167005047e+00 -6.499741677214971958e+01 5.112033725960314712e+01 5.079128440267705713e+01 3.539193531752357558e+01 -5.619342084878208965e+01
-7.090327594284892143e+01 2.871275172292110156e+01 -7.324531599668020476e+01 -6.899358276445967419e+01 2.912104204558200404e+00 -6.397613029843832777e+01 5.130003066255209632e+01 5.055245132935109353e+01 3.580486869555506502e+01 -5.571668915651991938e+01
-7.032259870462807783e+01 2.973601610299289888e+01 -7.290512055847652562e+01 -6.824832574473431634e+01 3.506448109427173332e+00 -6.434953597471080400e+01 5.150471134391830219e+01 5.075449729254610531e+01 3.567325551801710759e+01 -5.602846790614641037e+01
-7.074168269571396195e+01 2.941596190546229295e+01 -7.246646745371307929e+01 -6.842654444217093612e+01 3.008888742607073397e+00 -6.489212114829190625e+01 5.091880914474513986e+01 5.086546603305308878e+01 3.585611546568546260e+01 -5.637481008525030290e+01
-7.027424064026300243e+01 2.904184256749637427e+01 -7.310351196888454695e+01 -6.839973794576917498e+01 3.067289306822517769e+00 -6.456642062092056733e+01 5.089020209084956292e+01 5.087362951014391399e+01 3.590259138385070514e+01 -5.587012454955910812e+01
-7.070594618533877451e+01 2.873952060340014825e+01 -7.342606734631482368e+01 -6.898685818932231939e+01 3.597070875959812675e+00 -6.463984512225492551e+01 5.053505886429827854e+01 5.097016448740837546e+01 3.603440309394239449e+01 -5.567051633869451877e+01
-7.074780726402497066e+01 2.911865834797330166e+01 -7.355577286980673080e+01 -6.849250852788354393e+01 3.642770116597878083e+00 -6.490210116808208340e+01 5.156012910939612937e+01 5.094030236326372574e+01 3.560158374475469856e+01 -5.559882730746713264e+01
-7.035436293509935979e+01 2.882233289412354083e+01 -7.361133165241410836e+01 -6.836177795366401710e+01 3.111537150718055145e+00 -6.461943933000102902e+01 5.105470369199157687e+01 5.037617079062050607e+01 3.581717743325929604e+01 -5.626204525158010483e+01
-6.988632298168457169e+01 2.892876855570247940e+01 -7.392322279211936120e+01 -6.856229196783316127e+01 3.411613662974297245e+00 -6.500701198861105468e+01 5.085036205642644092e+01 5.068639425323630832e+01 3.558305926362324101e+01 -5.640404506992889111e+01
-7.061742711604095746e+01 2.898234704798447225e+01 -7.299559281628809515e+01 -6.823174366071275188e+01 3.322186001910982345e+00 -6.418759925777634123e+01 5.128529209774667663e+01 5.111891394540712952e+01 3.556205345308730159e+01 -5.633795712777837394e+01
-7.079124834163970093e+01 2.952068347664295445e+01 -7.334273447883747110e+01 -6.842291876412950558e+01 4.004479239906651777e+00 -6.456213913059455933e+01 5.086066385452322436e+01 5.086226476038694244e+01 3.571999903465465565e+01 -5.629888401245356988e+01
-6.989278011459438744e+01 2.930976966294565855e+01 -7.268402934514428182e+01 -6.845428479658099263e+01 3.172972710105869343e+00 -6.491271192529517009e+01 5.163555706644422116e+01 5.070340820000433268e+01 3.589547405172891814e+01 -5.603838586605035488e+01
-6.988038650546410224e+01 2.943747289300642223e+01 -7.299010531475545349e+01 -6.879904145151634509e+01 2.749067298447688046e+00 -6.464772387635083817e+01 5.079195660463339834e+01 5.085351523740661861e+01 3.498189742268396429e+01 -5.589451424481320885e+01
-7.014584650368219343e+01 2.934585629661906481e+01 -7.315273923344685159e+01 -6.918396656980768000e+01 3.500051032113412841e+00 -6.444898106286460404e+01 5.116987334882973215e+01 5.116092071575356215e+01 3.537137046202441581e+01 -5.649338028642363696e+01
-7.013200018258338275e+01 2.873105667692617615e+01 -7.337621744282847658e+01 -6.913464540473445652e+01 3.431847807573191744e+00 -6.434273095199344539e+01 5.138978423249399441e+01 5.089754997751492738e+01 3.595934397013935069e+01 -5.630424657603944638e+01
-7.014395491503475455e+01 2.907740132088418861e+01 -7.253716359489143883e+01 -6.855992439183491172e+01 3.533834850112716364e+00 -6.494459606154964604e+01 5.018589399091714398e+01 5.080578757383336352e+01 3.526295701161485141e+01 -5.608810920687493251e+01
-7.039046489429128428e+01 2.895777258549795619e+01 -7.276240422832788113e+01 -6.872731038506847767e+01 3.884994070804448807e+00 -6.486456598379868410e+01 5.074304832064093063e+01 5.063734860652079561e+01 3.519691274887377119e+01 -5.616674849548054027e+01
-7.054128320917429562e+01 2.907848014789837876e+01 -7.298717776319750783e+01 -6.829760115803719600e+01 3.484294191472530500e+00 -6.460958527907415316e+01 5.066666125437144075e+01 5.080659377557447698e+01 3.591109269854027275e+01 -5.560438803208348446e+01
-7.051620818025024562e+01 2.928825172727058046e+01 -7.326904385992088464e+01 -6.869700570292718567e+01 3.431045880202336473e+00 -6.510890340685581634e+01 5.082056503138316828e+01 5.111163152782263097e+01 3.590099827577461866e+01 -5.634765274549846481e+01
-7.026905117233597764e+01 2.951103173029679283e+01 -7.286222857004953823e+01 -6.832448631859324450e+01 3.488083908822888546e+00 -6.502250771639387494e+01 5.110664641516345341e+01 5.112096774131645560e+01 3.550399452258927369e+01 -5.586159789266958597e+01
-7.042363546436251909e+01 2.923385719292087614e+01 -7.325020223121690321e+01 -6.843351972060845867e+01 3.922502017292468057e+00 -6.464723357148440641e+01 5.078747862008371072e+01 5.076186832861351661e+01 3.534548541271900746e+01 -5.622148907748750446e+01
-7.013147849551835122e+01 2.918288677845016821e+01 -7.279546796395139552e+01 -6.811306917454533050e+01 3.804192460423418964e+00 -6.428093543986796021e+01 5.101355617803678655e+01 5.109775600479773061e+01 3.591422252385359570e+01 -5.535231418865497943e+01
-7.031186483307537571e+01 2.910211647921685696e+01 -7.280033948177756997e+01 -6.907500569774782662e+01 3.461154842158449263e+00 -6.476983331674355782e+01 5.128317210897076706e+01 5.057386337037447532e+01 3.558049019093354559e+01 -5.617304257002804491e+01
-7.011445307881865574e+01 2.923930810239238909e+01 -7.388337112930574335e+01 -6.871872764139739331e+01 3.306077956303469900e+00 -6.460487199453876883e+01 5.095959302334826191e+01 4.998726422544537229e+01 3.571365219255513068e+01 -5.606643280030301213e+01
-7.058194228242044233e+01 2.903053088000975279e+01 -7.248624533246494650e+01 -6.828045514848801645e+01 3.748788215331144702e+00 -6.456340818740929421e+01 4.999192037983981862e+01 5.106250417276220332e+01 3.627741570200311116e+01 -5.650586107725605700e+01
-7.025528709664138205e+01 2.922434064558861522e+01 -7.309911157575413654e+01 -6.824767083761656750e+01 3.474278909278041727e+00 -6.474822062898472552e+01 5.058358694160538960e+01 5.140738540451609850e+01 3.532531954535773622e+01 -5.607423211836520238e+01
-7.034861773050569411e+01 2.892005090819913349e+01 -7.395085775837200970e+01 -6.877691850328912437e+01 3.179175443716271143e+00 -6.452139981505712285e+01 5.064622663973472072e+01 5.053763151781553375e+01 3.543171707472487242e+01 -5.628620747208991304e+01
