-8.443804649311536537e+01 -8.446248196617578685e+01 -8.381655543418551702e+01 -8.440908034812537153e+01 -8.434379008756468465e+01 -8.312209359749756743e+01 -8.415377131209994843e+01 -8.378602562670495502e+01 -8.438678290185484343e+01 -8.391200971209703141e+01
-8.450487808256751521e+01 -8.458873994817729169e+01 -8.367317977636380988e+01 -8.493836363341648621e+01 -8.386596977227425498e+01 -8.323194253613871751e+01 -8.387611515406031515e+01 -8.443234399719152350e+01 -8.378854983717370430e+01 -8.397659355342197784e+01
-8.456400102432748156e+01 -8.411346615632317025e+01 -8.304564547627117577e+01 -8.391135185738036739e+01 -8.417999288587930096e+01 -8.332616201961324975e+01 -8.401283351089847429e+01 -8.417152517703790693e+01 -8.393846246852220361e+01 -8.394458208197097804e+01
-8.467846999379648310e+01 -8.448966300982786493e+01 -8.309920300674239968e+01 -8.477798427512591672e+01 -8.436947761223542841e+01 -8.330519793375231075e+01 -8.473290095259940813e+01 -8.449202594625315044e+01 -8.469721358288235535e+01 -8.400061180559453078e+01
-8.411929886005090395e+01 -8.438737250973763082e+01 -8.395611907080949265e+01 -8.477856400988702035e+01 -8.382924455346227433e+01 -8.327694725498444939e+01 -8.403188462970022954e+01 -8.402632971164123887e+01 -8.501699839186390761e+01 -8.360371419480868838e+01
-8.483029680273632778e+01 -8.425663966808730265e+01 -8.328172158646545142e+01 -8.448704924527257276e+01 -8.404224776869929769e+01 -8.333177127253257765e+01 -8.416086708907349134e+01 -8.470720893076060065e+01 -8.458519565821826802e+01 -8.413330597850945480e+01
-8.462103565082162504e+01 -8.375839366299722144e+01 -8.303163962996677583e+01 -8.419347824625926080e+01 -8.419275023239889322e+01 -8.366152433821072520e+01 -8.429021793539452290e+01 -8.439093275823493912e+01 -8.399334132921291030e+01 -8.446915095130587758e+01
-8.419739873132505181e+01 -8.443462249976606415e+01 -8.393933959126135846e+01 -8.407496221212819876e+01 -8.360765740340369234e+01 -8.361513075282627483e+01 -8.423280963051620063e+01 -8.469747369978604468e+01 -8.450899682665767898e+01 -8.369054938043534264e+01
-8.426647132379042660e+01 -8.388833054913622789e+01 -8.381048944708518889e+01 -8.410679957419881703e+01 -8.410389290676862117e+01 -8.369037933002736906e+01 -8.394866856715408687e+01 -8.405862811696965764e+01 -8.347257276544955573e+01 -8.388198028086772240e+01
-8.451696915539463362e+01 -8.452269020142234979e+01 -8.377827534546118216e+01 -8.488032784654413376e+01 -8.431857877269285950e+01 -8.349629017406876130e+01 -8.400662797066773635e+01 -8.353789084311863178e+01 -8.431361788072717900e+01 -8.400984071430309541e+01
-8.481704595157012250e+01 -8.426627858904201673e+01 -8.385539929980073737e+01 -8.452168699900980187e+01 -8.396963625369171780e+01 -8.358487986694365190e+01 -8.455801839514428764e+01 -8.425273416016682404e+01 -8.378418769715133863e+01 -8.369528367494392285e+01
