-8.414484005989420723e+01 -8.349662695991494843e+01 -8.378431483806001268e+01 -8.523491633265304301e+01 -8.453109282292409432e+01 -8.417170618300288254e+01 -8.461329096720862708e+01 -8.489112823750700443e+01 -8.424028733911227107e+01 -8.419377669438169676e+01
-8.466166969653578178e+01 -8.391929297054652181e+01 -8.325443064206049826e+01 -8.466060012909738930e+01 -8.394727859771656142e+01 -8.393443624166896200e+01 -8.405575896780273126e+01 -8.469820878309562318e+01 -8.436889838359843452e+01 -8.329545713726764689e+01
-8.450061966296863147e+01 -8.401904743225902905e+01 -8.357759074346824946e+01 -8.489920780408489520e+01 -8.490450025867146167e+01 -8.392095083894672314e+01 -8.422001800803315064e+01 -8.397350043475334758e+01 -8.392986269950431222e+01 -8.388288578441009236e+01
-8.426395877148820546e+01 -8.355705969210026751e+01 -8.355492716643891526e+01 -8.418806342503867768e+01 -8.393922919970826513e+01 -8.403482370692339032e+01 -8.442173057289232929e+01 -8.437605096789104664e+01 -8.426822022371828780e+01 -8.308424632905548890e+01
-8.399888851724504946e+01 -8.402831702600229846e+01 -8.363434188100866606e+01 -8.490076052405994744e+01 -8.445470990007338230e+01 -8.341200312439943332e+01 -8.443458735794976633e+01 -8.516195948817924943e+01 -8.421714697743054501e+01 -8.318813167192998037e+01
-8.418576266246179785e+01 -8.394380418289219392e+01 -8.341316661504919239e+01 -8.408381966150234632e+01 -8.449539548748738582e+01 -8.413494152848434737e+01 -8.438416863573844751e+01 -8.404976025214025981e+01 -8.456371915410778684e+01 -8.312990587930305253e+01
-8.490220736159164971e+01 -8.392545468023513422e+01 -8.364984134132856752e+01 -8.468340152910333529e+01 -8.421003909128886278e+01 -8.348336553973032892e+01 -8.440688452961562405e+01 -8.358275167779333970e+01 -8.416736347477959157e+01 -8.349422568332587957e+01
-8.418432476423571131e+01 -8.394638464550109802e+01 -8.422672961203076625e+01 -8.428144448290015589e+01 -8.411843694051781029e+01 -8.434738840466739873e+01 -8.353074604061738739e+01 -8.418080600170289074e+01 -8.454596243848843073e+01 -8.334413844473655786e+01
-8.424842645100238769e+01 -8.371034439420331807e+01 -8.417670134422299100e+01 -8.461394583693187599e+01 -8.448101733047327855e+01 -8.362543320911629507e+01 -8.367139075541820148e+01 -8.431739566540528585e+01 -8.521517939632722971e+01 -8.298863075790409027e+01
-8.423254075539279029e+01 -8.404403352822151874e+01 -8.352736123373010457e+01 -8.490562541713485700e+01 -8.396593817446279218e+01 -8.407785319733460483e+01 -8.413150430491454301e+01 -8.468031186063993232e+01 -8.418948859141437424e+01 -8.359934730540322789e+01
-8.444607005987636228e+01 -8.397537476019842018e+01 -8.335086824845524234e+01 -8.511641203258413668e+01 -8.397916062904725720e+01 -8.443074433887078101e+01 -8.468451275560224190e+01 -8.477270558054743788e+01 -8.409886515304576449e+01 -8.317199511461507200e+01
-8.425092615653890959e+01 -8.411481695279893245e+01 -8.362531510557411707e+01 -8.410481085796276091e+01 -8.402081572365379714e+01 -8.381585831159490851e+01 -8.405480719334917694e+01 -8.438679213794355860e+01 -8.393505874900858998e+01 -8.430792527903086864e+01
-8.388531008219256080e+01 -8.436207656491345119e+01 -8.325172256373259927e+01 -8.450860326824484048e+01 -8.439634676743534669e+01 -8.377309234415781702e+01 -8.399348629008714795e+01 -8.420721625094414264e+01 -8.417977836472329045e+01 -8.367887728297903038e+01
-8.426567187947865989e+01 -8.386955489475074899e+01 -8.408469798847929155e+01 -8.468582695150439577e+01 -8.439620289690138577e+01 -8.426379369110696871e+01 -8.379667217510450428e+01 -8.424386169265540047e+01 -8.413118200261182267e+01 -8.409327287100458648e+01
-8.427791544331572027e+01 -8.402295489460713895e+01 -8.369308839188040849e+01 -8.425563096286838061e+01 -8.455037824989422290e+01 -8.414675409547929519e+01 -8.395481471955049813e+01 -8.386999990114763648e+01 -8.413067820153722209e+01 -8.351339496299631548e+01
-8.429504320850891474e+01 -8.414563311866182005e+01 -8.382611913361115796e+01 -8.417254222470934621e+01 -8.403138522256008969e+01 -8.399181247045362397e+01 -8.414318700654577299e+01 -8.385141495005748880e+01 -8.402495537554386829e+01 -8.332624318809546082e+01
-8.415959121657402875e+01 -8.376449609723461265e+01 -8.321865917859292949e+01 -8.453552672379419164e+01 -8.508327715822825610e+01 -8.398788205505138649e+01 -8.476298411194541416e+01 -8.398644400667278376e+01 -8.411705458494920151e+01 -8.338290898703152720e+01
-8.440455510011345552e+01 -8.375470462308668118e+01 -8.384602036324045571e+01 -8.417050362760321036e+01 -8.415536049203581115e+01 -8.404779088685178579e+01 -8.440773345050915566e+01 -8.471196950496847933e+01 -8.433711451366252732e+01 -8.376280885325725478e+01
-8.409330441608729245e+01 -8.390639675827598865e+01 -8.360134067291262738e+01 -8.407962165030697577e+01 -8.416188455106109245e+01 -8.410293238022286744e+01 -8.376310716077516361e+01 -8.453904092576752305e+01 -8.399246383293990448e+01 -8.368704386299792475e+01
-8.399172806615038667e+01 -8.378429343244897609e+01 -8.317995181567462737e+01 -8.416509768281370896e+01 -8.473533769590329712e+01 -8.408420441723804117e+01 -8.393914882301112357e+01 -8.479710306743071158e+01 -8.436383580272527638e+01 -8.340585747964411212e+01
-8.353484779924885117e+01 -8.374105399752214396e+01 -8.333494618050919200e+01 -8.438699104194128608e+01 -8.440957071126874212e+01 -8.365762295542504035e+01 -8.393449975280910280e+01 -8.470692821502218806e+01 -8.412147165060916620e+01 -8.356454716442712538e+01
-8.432155369550024204e+01 -8.400027629592641176e+01 -8.338192809688860052e+01 -8.447487232990002326e+01 -8.453117796923083915e+01 -8.398283948297239476e+01 -8.385101795146822212e+01 -8.420960080736514897e+01 -8.416550344209801438e+01 -8.325445500109438512e+01
-8.441156840365373171e+01 -8.392405488684426018e+01 -8.364576018063630158e+01 -8.433933786275777322e+01 -8.418692414102524424e+01 -8.399416098434267042e+01 -8.436226991397317931e+01 -8.458341481604834655e+01 -8.459834425453557571e+01 -8.331013056274697703e+01
-8.449943259463252332e+01 -8.399736640935562093e+01 -8.375848731105229206e+01 -8.439319132843314719e+01 -8.466584586979932681e+01 -8.378550146318619340e+01 -8.380100891485307102e+01 -8.406120666047540624e+01 -8.392996005600478782e+01 -8.370101020625202182e+01
-8.465523690711562210e+01 -8.354149336840195872e+01 -8.370294035746448458e+01 -8.462656119065772486e+01 -8.396306358966080552e+01 -8.373656234447501845e+01 -8.354546549098277808e+01 -8.428832289136654765e+01 -8.434884318334376019e+01 -8.354646580169988113e+01
-8.389988222331645318e+01 -8.429916822374558194e+01 -8.387940808046469954e+01 -8.450888438452687978e+01 -8.399238533289405950e+01 -8.357797346826336593e+01 -8.386962182007621891e+01 -8.499632400851555758e+01 -8.413553030894254903e+01 -8.369452111219447943e+01
-8.483951791206402504e+01 -8.414350932798744509e+01 -8.342272331508038974e+01 -8.419559836175096734e+01 -8.424950257983333302e+01 -8.434427358119719997e+01 -8.414481397030496623e+01 -8.454141168113557114e+01 -8.442427450491231866e+01 -8.337006006155498028e+01
-8.416404355966720630e+01 -8.429481008794179786e+01 -8.338900713485483607e+01 -8.410684142521117224e+01 -8.447354140911616582e+01 -8.370578684279560377e+01 -8.393916097185972092e+01 -8.437879707447991962e+01 -8.399279167383335221e+01 -8.308456967415486361e+01
-8.364613152479948610e+01 -8.454114530559262164e+01 -8.364011057092325530e+01 -8.515523848164653486e+01 -8.436249546697109736e+01 -8.343581741744135627e+01 -8.392842615772160286e+01 -8.417526265019260734e+01 -8.411448830261542753e+01 -8.357732206676028852e+01
-8.417702748393232071e+01 -8.342158810748527742e+01 -8.467932973987969092e+01 -8.471264482672232532e+01 -8.431989344617653614e+01 -8.437413030866152042e+01 -8.403185108664365544e+01 -8.410921062175407314e+01 -8.428203910966225010e+01 -8.291649102170194396e+01
-8.400447445416702408e+01 -8.382885557066238391e+01 -8.318623454700720288e+01 -8.457750676080965491e+01 -8.451063633396766761e+01 -8.342929909641550523e+01 -8.375484518165310988e+01 -8.424318286672863110e+01 -8.421977764778577580e+01 -8.323640813859634591e+01
-8.350492318886325904e+01 -8.446441127464859733e+01 -8.331183427274939390e+01 -8.401704229201016005e+01 -8.447817978167473996e+01 -8.339609775964918015e+01 -8.357606838800423077e+01 -8.405394552354319160e+01 -8.436007299300715090e+01 -8.362062535042879574e+01
-8.364282011107849257e+01 -8.354118083996877431e+01 -8.331555887023185392e+01 -8.432785340989470058e+01 -8.377978079933635058e+01 -8.422668945408344143e+01 -8.400882103304375903e+01 -8.430243271681749206e+01 -8.450883247600543768e+01 -8.313029978289391408e+01
-8.378566891891652801e+01 -8.393820011241119516e+01 -8.354516005508210696e+01 -8.448690037926778018e+01 -8.435010870982929987e+01 -8.406492890113696603e+01 -8.346779393406710312e+01 -8.453376361461981503e+01 -8.455710682706566672e+01 -8.290419332821979026e+01
-8.411397524919736668e+01 -8.351909092161861281e+01 -8.337512770667881057e+01 -8.490926021437587679e+01 -8.432406334777638790e+01 -8.384497694746389129e+01 -8.441850200476206112e+01 -8.455630766836313228e+01 -8.389082071667385776e+01 -8.361931013343269115e+01
-8.357792214282943632e+01 -8.346940260424750591e+01 -8.404901617050016682e+01 -8.432145016235683954e+01 -8.474971712472294882e+01 -8.410680057258265663e+01 -8.436239322245025107e+01 -8.407458932316296796e+01 -8.372961750032177974e+01 -8.317712291307043415e+01
-8.492407328463181670e+01 -8.373795538413928341e+01 -8.354662597964680515e+01 -8.425831906563909968e+01 -8.432907727907462458e+01 -8.402207686991252444e+01 -8.451943622096567310e+01 -8.499159777650928049e+01 -8.413620786008577568e+01 -8.344936463134764892e+01
-8.396331604966147211e+01 -8.355544010533611754e+01 -8.366391251955680275e+01 -8.453874203390277842e+01 -8.393944924294585519e+01 -8.405453802651972239e+01 -8.374699565938843193e+01 -8.423007929939822702e+01 -8.360897680251053998e+01 -8.357499050847277999e+01
-8.418055832293808294e+01 -8.391471248529984450e+01 -8.338150630279865538e+01 -8.468032358356785494e+01 -8.385276289922114756e+01 -8.378736803150299295e+01 -8.423104692437311769e+01 -8.439785161764835664e+01 -8.432411168409659297e+01 -8.342874756909890266e+01
-8.393910719422042632e+01 -8.378384484799443044e+01 -8.356137264715752622e+01 -8.403162177393100762e+01 -8.344111177094863763e+01 -8.417140571902632473e+01 -8.397135307745502075e+01 -8.456755354062468655e+01 -8.490995635818697451e+01 -8.379858245333639388e+01
-8.434684798977853859e+01 -8.467632195294054043e+01 -8.357830104030604446e+01 -8.444267509026116159e+01 -8.465932369705363669e+01 -8.452786534531365703e+01 -8.375974690958499025e+01 -8.373165949626813642e+01 -8.426386786113063465e+01 -8.341781643632060650e+01
-8.422532613824601810e+01 -8.366326341193308735e+01 -8.309412078352536923e+01 -8.454861025531522500e+01 -8.479365152586110810e+01 -8.399946879088965090e+01 -8.379805636421416182e+01 -8.416477464761265992e+01 -8.414836374734923652e+01 -8.309314307039747405e+01
-8.424116651462711047e+01 -8.350967751790838633e+01 -8.324835405362696861e+01 -8.359231476896931667e+01 -8.445089221859365125e+01 -8.378705672290519146e+01 -8.383843145854895340e+01 -8.443674105673734687e+01 -8.417240786903839478e+01 -8.331099907600311383e+01
-8.392617975657336160e+01 -8.355086676825555969e+01 -8.380197631205211906e+01 -8.462108358393872720e+01 -8.412672886513021808e+01 -8.449040853392956762e+01 -8.440894617903605024e+01 -8.451816762335111832e+01 -8.445352535327479870e+01 -8.338054549432095541e+01
-8.389212277050064870e+01 -8.398489155257024663e+01 -8.421942320858674691e+01 -8.497735908105563851e+01 -8.461769562349249441e+01 -8.412654150639259854e+01 -8.380368234657929349e+01 -8.440105242295761911e+01 -8.404694538765949119e+01 -8.330212251566597104e+01
-8.442469498052992094e+01 -8.430072706684305217e+01 -8.332626895845196202e+01 -8.391005324526405218e+01 -8.453881420814639114e+01 -8.377509849808279796e+01 -8.434722794232428100e+01 -8.437829548382379130e+01 -8.471008622061131632e+01 -8.359769421162731362e+01
-8.377956092687324485e+01 -8.340121016601402459e+01 -8.303286492782629580e+01 -8.444122353853276763e+01 -8.410728720675923853e+01 -8.425217176014359666e+01 -8.473797668254377413e+01 -8.454041683510979510e+01 -8.403724987774174338e+01 -8.392266609840551439e+01
-8.431128969865373790e+01 -8.393474978144793397e+01 -8.418067462448033211e+01 -8.456312788150103188e+01 -8.413070229523118826e+01 -8.379489177211982565e+01 -8.403980902722162227e+01 -8.493407685666167595e+01 -8.479501853678526402e+01 -8.331661818416306176e+01
-8.442452321692630335e+01 -8.376216878934991428e+01 -8.355109302080268208e+01 -8.405634734966969290e+01 -8.415313241233987185e+01 -8.414193466874874616e+01 -8.416524183584961349e+01 -8.502423744626855751e+01 -8.428033989147168370e+01 -8.314901609666742388e+01
-8.429267375432863219e+01 -8.375129251862298929e+01 -8.355697322311557684e+01 -8.489467987245397751e+01 -8.403658234309170894e+01 -8.395009257753270049e+01 -8.341959140281844043e+01 -8.467685023294656332e+01 -8.425021051458176657e+01 -8.336945029074205138e+01
