5.430709816340808516e+01 9.355228803435142027e+01 3.656576049939067730e+01 8.076814042478156352e+01 -5.584525346220880948e+01 -6.952678997824102680e+01 1.595524142829394521e+01 -6.355064535777719215e+01 -8.960789394378778638e+01 3.008957977299530739e+01
9.825051230327434837e+01 2.036081910246238635e+01 -5.896783907759819243e+01 -2.291612816258449925e+00 7.973382505751612825e+01 -4.171922354970290314e+01 -6.964510389651974265e+01 7.656601990719667583e+01 4.895020187039239090e+01 7.615769016771130850e+01
8.819888009257246608e+01 -6.305176652953667826e+01 -7.530237319089636117e+00 5.293275420744291182e+01 -5.856984323933793490e+01 8.350312394579214015e+01 3.291977246464412588e+01 -3.713949727989962213e+01 4.781787860743904162e+01 -5.532164739522864494e+01
8.491826565276096517e+01 -4.371326665433681313e+01 3.945608753554611781e+01 -5.211821776518152660e+01 -1.551728062105372885e+01 4.305431982994582540e+01 6.776852020102825236e+01 3.154093167453854107e+01 8.691584342815954756e+01 7.887654962086855903e+01
8.573990732452523389e+01 9.857034064033206278e+01 6.530215733466721417e+01 -9.999550677695532386e+01 -8.870232908595150434e+01 2.761433967960908831e+01 6.272902755127179830e+01 -6.316949676404837533e+01 7.361539769369736064e+01 5.152765378884797087e+01
-7.625070468231962195e+01 1.476083482648400036e+01 -7.115518900662976876e+01 8.436271344456343968e+00 -8.827927680453471737e+01 -8.052268682667566679e+01 7.665855047938174494e+01 8.248698163741480016e+01 3.797439052804557491e+01 -2.163220736851769743e+01
3.296301656761426102e+01 -6.461753103322919856e+01 2.740642065970533281e+00 8.362057387768621197e+01 5.773502848378612384e+01 -8.440451032320457614e+01 2.999165897865671582e+01 4.998992643296014649e+01 7.075260817457115081e+01 5.442224573988411862e+01
5.123752314251780149e+01 -9.370495708027021919e+00 -6.926085046463211370e+01 -5.043921102117876387e+01 -2.329348568064597202e+01 4.508126405211299925e+00 2.014138108126914517e+01 -8.840919460329791946e+01 -7.944361704835050375e+01 -9.840609872000203495e+01
-9.726168266961119002e+01 -4.200152237039069547e+01 -3.864955533372069851e+01 6.117665309544173624e+01 -9.858645699465414225e+01 -1.488773190907086530e+01 -2.888089950909524362e+01 -3.490037914072475189e+01 7.059091490402150271e+01 -1.527666762871969297e+01
2.349188901332222201e+01 3.801305267708156066e+01 9.436484818499323524e+00 -6.248145470594504047e+01 -4.175009311702226000e+00 1.100851395466358440e+01 -8.681412543607680732e+01 -3.662598964861672357e+00 7.090223724467287525e+01 4.136437297758831733e+01
2.313388303087009490e-01 -5.232457741920726590e+01 -9.716585215780735041e+01 1.842814985914323245e+01 -6.839930247382726236e+01 -4.592592591315964512e+01 7.884364982505186958e+01 3.076475832916122499e+01 -7.258068951725024931e+01 -4.029014129002004552e+01
9.842018129089490230e+01 9.930990044504125080e+01 8.628264903234438066e+01 4.306507074781970346e+01 -1.397981687604807632e+01 6.721416886758532883e+00 6.457202196103037295e+01 -1.914731883618910047e+01 -4.458993160103810283e+01 1.606886930472741426e+01
1.619590817495684121e+01 7.361381587389331571e+01 4.772632770284693038e+01 3.569427803360210305e+01 -7.528083248228803370e+01 1.509248077231093532e+01 -8.798096688430578638e+01 -1.369272724898792148e+00 1.558013587815338497e+00 -1.289276432804886952e+01
-1.885356948440556835e+01 8.010245808561734293e+00 -5.333466695537687485e+01 4.232648119139682308e+00 9.661723275993637117e+01 -9.938303771942634057e+01 -4.793549070314051619e+01 6.755818454216694136e+01 1.813952273237575241e+01 5.436259442584838553e+01
6.950206166832469989e+01 -2.359236696212150264e+01 3.748407612498516528e+01 2.561194489270388885e+01 3.180849397894428421e+01 2.041853428324090203e+01 -1.776082253157547086e+01 -1.173769387641767992e+01 -3.538340563683495077e+01 4.096989978753589412e+01
-7.163787741132190945e+01 4.252509801380506360e+01 3.320639302937291859e+01 4.463075364594615735e+01 -9.696492240616514380e+01 2.954673781488025952e+01 7.272513834989530324e+01 6.633972487433882748e+01 1.644599596425346988e+01 -6.311940267345457301e+01
1.994512933289966838e+01 3.021298988944431585e+01 3.756429140266578770e+01 -9.833665775559101974e+01 1.688078902827756167e+01 1.402887172396290794e+00 9.680512381366654040e+01 5.006234461519781576e+01 -5.730974638741457028e+01 2.558727507297450643e+01
3.620401841115560160e+01 8.449255959567778973e+00 -1.732501181615626251e+01 3.885509789601161401e+01 5.755445931931760128e+01 -3.378806855573938606e+01 -3.804595387451294641e+01 -5.695639715343014586e+01 8.379504540893262288e+01 1.336773811146308333e+01
-2.105447214220403396e+01 4.477019397329073058e+01 -8.362590174173614344e+01 -4.390635961560873568e+01 -2.364227995032798901e+01 -2.042622685068147348e+01 -7.836243058847902887e+01 6.473991564150617251e+01 1.753257587587357591e+01 -5.516913988393314838e+01
6.019167301530376335e+01 -2.737881252409918886e+01 -3.188804914417342218e+01 -3.314394943522806614e+01 -5.069283078977644408e+01 3.578517918208245874e+01 4.582774538826413391e+00 -1.220615554286594318e+01 5.098034295082314316e+00 6.503933771303607614e+01
5.130630763784230908e+01 1.010922249379720483e+01 4.318346402762901448e+01 7.006323789476937236e+01 9.108923183807252144e+01 6.808535462277200168e+01 8.896880107312213681e+01 1.266946003546938471e+01 -9.055451336232285087e+01 -6.372280567806591733e+01
8.869939710323325244e+01 -7.317778267717558549e+01 7.388046540919100380e+01 9.270875159149406386e+01 -1.057508143131045131e+01 -7.683225392930172859e+01 -4.236987337779023477e+01 6.348493116951249249e+01 -6.082650896726205048e+01 4.703233173477246964e+01
7.045596765620436486e+01 6.381360157197372018e+01 8.644675155247040266e+01 3.124968913200760312e+00 -5.858721485503126303e+01 -8.966614324618282694e+01 2.851775917852373254e+01 -7.145564673057512550e+01 6.620003511530546803e+01 9.775001028504959777e+01
1.539931902808535824e+01 -8.057336632314823532e+01 -1.106683818020442800e+00 -5.919138289411427678e+01 -1.499728716984623134e+01 8.957964572083378130e+01 -4.149798210660726738e+01 6.516396299877536080e+01 -5.082613457229216891e+01 5.853880040533169904e+01
1.422495247245993255e+01 4.505984210202964846e+01 -9.406841807939814259e+01 4.439500481882714666e+01 9.533116461098018135e+00 9.396536643882308226e+01 4.164021043331194960e+01 3.004968531352619721e+01 9.374112145817767328e+01 1.750738161624418865e+01
-5.429466740381101175e+01 1.641027465287862697e+00 7.110154240169816831e+01 2.520660064396213329e+01 -6.731874761453609324e+01 6.842314533922703390e+01 8.084161955723510573e+01 -5.456088244664121589e+01 3.618729616499825852e+01 -4.069162474052026113e+01
-3.223851494712684485e+01 9.655525695232935846e+01 -4.624382773403476676e+01 -2.154058494331906104e+00 -4.754017257706004784e+01 -1.798555950474481335e+01 5.815664520459594655e+01 2.604863102740249303e+01 3.378996157861669758e+01 -5.077595178768527973e+01
-6.554794623122177200e+01 5.392379373567152356e+01 -1.300010351219715687e+01 -8.930038025333195151e+01 9.485811214545208259e+00 -9.630818701215342514e+01 -2.844969129504255534e+01 1.636520691912177483e+01 -8.435211196536447176e+01 2.958420905908204190e+01
8.812936857265242452e+01 -3.441375154711323603e-01 3.753875926591862822e+01 5.805871753614172803e+01 -2.875581251299944086e+01 -3.600598633177509811e+01 -4.934719139300185731e+01 7.027316093492478899e+01 -7.643064004499662190e+01 -8.338154655333536880e+01
2.344538786826977628e+01 -2.187156752973000096e+01 6.205390781199591288e+01 2.140674572912135432e+01 9.654319029522909545e+01 -7.407996751131358337e+01 4.812966252632833175e+00 2.721154640619151621e+01 -1.584362276904727196e+00 -8.072224473446520676e+01
-2.534278056032242432e+01 -2.165190553846440480e+01 7.440711996604676415e+01 8.561471369562593736e+01 6.570547034624578941e+01 6.818645922520721570e+01 8.581539274823882124e+00 -4.159842121023675787e+01 -5.422899219407359794e+01 8.835984378889912705e+01
6.414757810744094968e+01 4.782507049938743648e+00 -9.014469981450245939e+01 1.511052641591102486e+01 6.969433171672801564e+01 7.636567197812811969e+01 -8.229688284476679883e+01 -9.381288602979658720e+01 1.582163449625606688e+01 -3.161646615276580974e+01
-2.243682114301077490e+01 -1.689746230662896664e+01 -9.180196412373328485e+01 6.467566596608443774e+01 3.993926271289859642e+01 -2.653710007725773323e+01 -9.257962800072732534e+01 1.404767845437172014e+01 7.324914422270637715e+01 8.494578111457215641e+01
-5.683664962575731749e+01 4.979241135508681282e+01 6.750494801208955664e+01 -4.335214698203166961e+01 5.066628698672113273e+01 6.855014875213413461e+01 5.954666489284517183e+01 6.980690747885356018e+01 -6.883155757035170552e+01 -9.751980869933960605e+01
6.840180271781673582e+01 8.824793024534412211e+01 -1.890873216054060890e+00 -6.346834099496469861e+01 -8.307989615264683891e+01 4.028645117742229331e+00 3.898583407195590667e+01 -1.692645127744212630e+01 -8.038908459510436444e+01 -5.588645516089631826e+01
-4.946030915520444893e+01 8.961155425230288074e+01 -2.251092695264509302e+01 8.938342428128930806e+01 7.566515620731829017e+01 -5.929528318180017266e+01 6.720312378752629456e+01 -6.264233961656648830e+01 -2.134503536955665481e+01 -5.373628302349167285e+01
2.893941707918531847e+01 6.065376963178832170e+01 -6.690411519696934306e+01 9.404701335209057333e+01 -7.606146245395754590e+01 2.472051847689672854e+01 -7.517641052273063451e+00 8.380241734934958231e+01 1.909106371285425041e+01 -3.002097750799177334e+01
8.661009840795458103e+01 -9.044741847077730768e+01 -3.150879370004078339e+01 7.719455480350072207e+01 -8.655761191328876691e+01 -5.634062994344517961e+00 6.096138378737160224e+01 -9.020900334192872094e+01 1.086785620385114726e+00 -2.741239357869582705e+01
6.309159884780319771e+01 2.318981598672786504e+01 -9.859371779339014097e+01 9.036561990687488333e+01 7.201706619855977465e+01 2.782203198213973394e+01 -8.529016735201950894e+01 -3.201389093097091632e+01 -2.630860989202948019e+01 -6.731976606582206557e+01
2.727352256111697670e+01 4.983148492760906834e+01 6.899494070211579810e+01 -5.889581365801939228e+01 -4.039479470234426373e+01 7.015831475486692170e+01 -3.828038441920688939e+01 9.797458600912449356e+00 -9.258563796858203432e+01 -2.567638275873353848e+01
-9.927247079303135990e+01 -6.938223065691069280e+01 3.565862442451410175e+01 8.709592292367068467e+01 8.656135499736606675e+00 -4.282801248914693559e+01 -7.567734071305849852e+01 5.932266344046578865e+01 6.373088485837942585e+01 6.729078065435797384e+01
-9.475647367947838973e+01 2.723011516577631141e+01 1.207684469539856309e+01 -7.968338018550920765e+01 -9.091786675641301940e+01 -3.154937077617776708e+01 -5.589684285279960818e+01 5.686882985322569084e+01 3.155157140350655709e+01 5.610994010775107199e+01
8.215720850537812225e+01 -5.493346971370105791e+01 3.146511022484332898e-02 9.435366828880296453e+01 9.757429969726817376e+01 -1.944702947330880249e+01 -6.658265914830164434e+01 1.307866303872124547e+01 4.979049920655000960e-01 -3.922958385302164430e+01
-6.055288097289746219e+01 -2.994601668117468307e+00 -3.071676548708022381e+01 2.899399128812314075e+01 -6.066333887951847004e+01 5.684812792267342729e+01 1.466414966106694351e+01 1.204940407438776617e+01 5.426380559086524613e+00 -3.522380228203630281e+01
-5.829938208466373339e+00 8.288848321938658614e+01 2.583919247289460941e+01 7.229713067925200676e+01 3.214414734496014603e+01 -4.408327284431913995e+01 5.884639803295343086e+01 9.275676814726966768e+01 8.532167842882208220e+01 -7.553176954722928826e+00
-3.886501134339724217e+00 7.306230957692756078e+01 -9.943596440168320783e+01 4.478070034208917605e+01 3.424354150376728967e+01 4.268707907889731246e+01 -9.403669135979480131e+01 -9.088311302178888695e+01 -4.853590562347287118e+01 3.053822902493760694e+01
1.057488804739634247e+01 3.462766051134045142e+01 -1.111569321811698785e+01 -8.434747315321280325e+01 -6.660422914902454750e+01 -7.656171628355048142e+01 -7.976824520329491008e+01 -2.521110931068271555e+01 3.639577888366295610e+01 1.576177364774873979e+01
2.131612504337169867e+00 9.829279789020304747e+00 -7.979590923311468487e+01 8.433025490999213503e+01 6.182013498217094138e+01 2.455059480172818098e+01 -1.511410556666878335e+01 8.249620485805266412e+00 -8.485490817256345508e+01 -9.516523974752315951e+01
3.533908092060099193e+01 9.120742356588843336e+01 7.408976266808195987e-01 -2.557226563268977770e+01 7.277499708731426153e+01 -4.457212774274970002e+01 2.758514474205983902e+01 5.333967078740650436e+01 7.431255315356577285e+01 -1.892549897839688811e+01
1.768715498951584664e+01 9.904757837788929464e+01 -1.376981323831722648e+01 -4.963385883833835521e+01 2.354720264076284764e+01 7.300422023019859807e+01 -1.160771852379407676e+01 9.085471910476434232e+01 8.346955347225332389e+00 -9.234117093678027288e+01
