-7.047234422937552267e+01 2.943963572983262011e+01 -7.299722569615687462e+01 -6.855090295935684708e+01 3.728103941748196704e+00 -6.457580770119508884e+01 5.112710276808181931e+01 5.052163673145152956e+01 3.561814265361194742e+01 -5.637353279634098158e+01
-7.032071533942503549e+01 2.843380943133688632e+01 -7.278003786966763755e+01 -6.901130676798386787e+01 3.010379141757095756e+00 -6.451394651034551941e+01 5.111430463280574799e+01 5.064984730036949401e+01 3.583059737187189597e+01 -5.601902187364086672e+01
-7.065801344588305710e+01 2.909263348042766140e+01 -7.313242403516241552e+01 -6.877765118567033653e+01 3.773969354435309231e+00 -6.465266288969444020e+01 5.097024139097638340e+01 5.045543881997981828e+01 3.597209221015134517e+01 -5.560067382522002077e+01
-7.077342514828677622e+01 2.838172100640191786e+01 -7.330754732294627729e+01 -6.866332483468204373e+01 3.132405505576725702e+00 -6.494483350575178804e+01 5.095207646464503171e+01 5.065801088262006147e+01 3.570144539415618112e+01 -5.622282505257622631e+01
-7.092260270516030118e+01 2.896258180034691421e+01 -7.275368586203207144e+01 -6.871312771151295351e+01 3.694568569746519593e+00 -6.415430266682710680e+01 5.057331375047903066e+01 5.037295880691647199e+01 3.479364498814528872e+01 -5.592688170661664770e+01
-7.044877370371240488e+01 2.892095135471480916e+01 -7.315673327360501332e+01 -6.873641387179023354e+01 4.130225900888947699e+00 -6.438166020915899423e+01 5.115311689881394841e+01 5.116759558596501734e+01 3.549633326584580573e+01 -5.641614972316531862e+01
-7.025310497512514019e+01 2.866302941984933383e+01 -7.264109274336760791e+01 -6.827164660099144555e+01 3.892032122418556117e+00 -6.458806775343289530e+01 5.121458010092732849e+01 5.105442375524149412e+01 3.513898829333835039e+01 -5.588390871515724001e+01
-7.029271620738664694e+01 2.919082535525739530e+01 -7.319345271372843342e+01 -6.855077905190692888e+01 3.321092694831149217e+00 -6.399496366852790885e+01 5.083834883739217503e+01 5.055688151307074918e+01 3.605897192772807358e+01 -5.640493799529417629e+01
-7.049785754534156013e+01 2.949082690768690895e+01 -7.334445149539482145e+01 -6.907258340594503920e+01 4.084040942334625335e+00 -6.486711816974711553e+01 5.060441666826250895e+01 5.088336622918335195e+01 3.563568051266647529e+01 -5.540309444690868901e+01
-7.030019003758700080e+01 2.923471945219323587e+01 -7.257816793623963747e+01 -6.863201015615562994e+01 2.935117474611676158e+00 -6.429878115129839955e+01 5.161534143633605964e+01 5.108914255498967805e+01 3.553990482343172630e+01 -5.585686879469965760e+01
-7.046603344917122058e+01 2.938001453560356779e+01 -7.291426351876307876e+01 -6.841056329411392767e+01 3.439201204354580543e+00 -6.404924092498491461e+01 5.122236777422919829e+01 5.072699162848304155e+01 3.571844074650947221e+01 -5.564407739123263497e+01
-7.018848418156720470e+01 2.870555641182990314e+01 -7.393144490093915522e+01 -6.809003283360050318e+01 3.657511911968307938e+00 -6.452003757453945809e+01 5.092352449801430936e+01 5.087803301313381610e+01 3.547268492982404098e+01 -5.568243606699236636e+01
-7.060829568093988939e+01 2.947681674474244673e+01 -7.329413702616537307e+01 -6.829094453878823856e+01 3.949381145212973898e+00 -6.414567324630066025e+01 5.092137048235560570e+01 5.106165953768033461e+01 3.514068867387445749e+01 -5.587323907741239992e+01
-7.036980871954311567e+01 2.896582499724016913e+01 -7.360172997086917235e+01 -6.857324476823060877e+01 3.665965441162768901e+00 -6.404008551375370928e+01 5.050857391560336396e+01 5.082626836140647697e+01 3.572190072412035278e+01 -5.575402842011241233e+01
-7.050620713062802736e+01 2.879123486310274416e+01 -7.319069487295433873e+01 -6.882330496218256144e+01 3.969832133057178858e+00 -6.444073657488276297e+01 5.106508617509194892e+01 5.081296595574723085e+01 3.556592054451314766e+01 -5.613605684907799542e+01
-6.957818830715430636e+01 2.875216451539528251e+01 -7.288424380164249783e+01 -6.863664152620341952e+01 3.338246032193767920e+00 -6.423106875390519122e+01 5.120021150213548822e+01 5.123050402090914446e+01 3.571318565995204608e+01 -5.650139300591136760e+01
-7.058547637247887963e+01 2.926609971349996187e+01 -7.315137360604700234e+01 -6.850782683967226205e+01 3.241930549817754859e+00 -6.435519008055167944e+01 5.137227814483925670e+01 5.050100120385916114e+01 3.520199876391054516e+01 -5.581176652696632345e+01
-7.001297387012238005e+01 2.905297020580290379e+01 -7.352217477985338689e+01 -6.906685299095538255e+01 3.613584837656852677e+00 -6.456660813981983438e+01 5.078345016839372761e+01 5.068956839144617987e+01 3.571428396465165633e+01 -5.587546384428393509e+01
-7.081081464409737691e+01 2.917336422533193740e+01 -7.352620598323647982e+01 -6.857148637382134382e+01 3.005713519427476221e+00 -6.466901868135688858e+01 5.081346099814985706e+01 5.102263234664151526e+01 3.555118680062930991e+01 -5.571607931626213173e+01
-6.998227966500621733e+01 2.944254127611975491e+01 -7.346051781287087579e+01 -6.851387422853721887e+01 3.566773549029572887e+00 -6.423025772467856598e+01 5.086711035251796886e+01 5.107891559686474636e+01 3.602556794634962500e+01 -5.620899853116981149e+01
-7.042141883339489539e+01 2.907868980983288765e+01 -7.363759280177177402e+01 -6.860463949727557065e+01 3.459431028046557444e+00 -6.460036874279776953e+01 5.088361793356914120e+01 5.084211220061673231e+01 3.585063366089122638e+01 -5.574025381063382412e+01
-7.090227608793145464e+01 2.926443386309939143e+01 -7.329693775861828442e+01 -6.900371813182775327e+01 2.938833407871873415e+00 -6.485589166430719388e+01 5.118866024444078988e+01 5.092786160760669389e+01 3.586049020151500599e+01 -5.609274821646027220e+01
-7.021527564740367211e+01 2.932950527165847276e+01 -7.295970446622621353e+01 -6.868236301851716519e+01 3.398271507402507829e+00 -6.404442767801914727e+01 5.127272015298641605e+01 5.082297271562404006e+01 3.562249262066512046e+01 -5.600860265301376728e+01
-7.065713408378590543e+01 2.932747927254285258e+01 -7.339853943640946454e+01 -6.851583372319862519e+01 2.896253462496844122e+00 -6.455408772637179027e+01 5.057258183832462350e+01 5.064482870729560204e+01 3.533824587334079581e+01 -5.585441261228972820e+01
-7.007865943739793124e+01 2.929313165020088050e+01 -7.363389916500264576e+01 -6.862276945102009051e+01 3.637392600277519428e+00 -6.452545094531768655e+01 5.129887516492315314e+01 5.061216335217154239e+01 3.611849634343317916e+01 -5.631425688991153322e+01
-7.070947665370398738e+01 2.911231582007678398e+01 -7.303834160130114128e+01 -6.837466869792216073e+01 3.551018984196152584e+00 -6.434923703666004258e+01 5.062398448532433548e+01 5.072883628380949261e+01 3.530509854590143703e+01 -5.632707783539637347e+01
-7.074890487746496603e+01 2.910529828955919740e+01 -7.320518808290270840e+01 -6.874521453888746692e+01 3.114795598871922699e+00 -6.452853195668724595e+01 5.119957257877678103e+01 5.145381269549864811e+01 3.588308466989575152e+01 -5.590941712852323775e+01
-7.065162907625568778e+01 2.949220945710683850e+01 -7.324165344407965961e+01 -6.856939405595228720e+01 4.209122974627689473e+00 -6.469914331860853451e+01 5.100420488068444058e+01 5.072586663114232408e+01 3.570851142240744736e+01 -5.621112664257642422e+01
-7.075058131818528295e+01 2.947027746900880274e+01 -7.301798440618919983e+01 -6.791051594104456512e+01 3.819576029001511497e+00 -6.407510923050911344e+01 5.088245744444023444e+01 5.060483635677272218e+01 3.592974587324319202e+01 -5.566144552950002122e+01
-7.010183330962041737e+01 2.963298107559873884e+01 -7.280080794552202406e+01 -6.873594205676853619e+01 3.483196777177809622e+00 -6.460561035181505929e+01 5.079619152531807913e+01 5.058105455334695932e+01 3.604403703396319258e+01 -5.599409508539662284e+01
-7.070372532678852906e+01 2.932134589064932229e+01 -7.357736028102230819e+01 -6.895386329322322183e+01 3.053263282186905236e+00 -6.453680431036909226e+01 5.115206221096197936e+01 5.119089659667101699e+01 3.592728232341716677e+01 -5.600504424615819943e+01
-7.020208419868754390e+01 2.885558055741217132e+01 -7.350656347779121802e+01 -6.833490067374421528e+01 3.336194796494576842e+00 -6.423600760151347799e+01 5.107499631072621327e+01 5.011822304855627408e+01 3.545872620842919076e+01 -5.570115419944013269e+01
-7.062267664537183975e+01 2.892727225014658998e+01 -7.317855508135774301e+01 -6.875190070542963383e+01 3.472917602242903357e+00 -6.433894341210367429e+01 5.155741310547947620e+01 5.069276249740641305e+01 3.536301501233419486e+01 -5.583751078308641524e+01
-7.105501722599926495e+01 2.939842726302801523e+01 -7.363716412221320695e+01 -6.907355299195995713e+01 3.784092919866536953e+00 -6.474010269668900719e+01 5.044381491057725242e+01 5.069148643848392055e+01 3.466048930060884459e+01 -5.530158429850624202e+01
-7.071897615619067778e+01 2.857923613601068880e+01 -7.315995428453355487e+01 -6.883561864892985227e+01 3.318728249571440969e+00 -6.415082578143481840e+01 5.092195271455649674e+01 5.040368335628283347e+01 3.554764811456715989e+01 -5.620743441236530202e+01
-7.062901417799503179e+01 2.898374731235556112e+01 -7.326299021006410328e+01 -6.884241269362091487e+01 3.143924338916128658e+00 -6.448160961983501238e+01 5.093823916332937785e+01 4.984135585630558296e+01 3.588654547896257441e+01 -5.584176208978956168e+01
-7.046481985494692424e+01 2.961645382701644635e+01 -7.294188020798158334e+01 -6.794637372180045531e+01 3.137940640368620304e+00 -6.392449803226041638e+01 5.087942115735618387e+01 5.083664569637313235e+01 3.509169709155108308e+01 -5.586402863126014751e+01
-7.057389764495160023e+01 2.880495058154803090e+01 -7.324980309414685564e+01 -6.857259177446297826e+01 3.271078914702051588e+00 -6.478835053696009538e+01 5.054470843823889226e+01 5.047068037619782643e+01 3.553031584796023878e+01 -5.617645730792852987e+01
-7.102793428987182267e+01 2.884983856528507573e+01 -7.377490506351790600e+01 -6.915804812866831242e+01 3.081159342649326227e+00 -6.480383814383633023e+01 5.170533577697478478e+01 5.034884161960056304e+01 3.608830205311454620e+01 -5.569163370828930226e+01
-7.074341378230424482e+01 2.935576297522134226e+01 -7.315789058068293116e+01 -6.871554920138260059e+01 3.417248493335895532e+00 -6.482781462900948100e+01 5.074550471310909217e+01 5.035303449318543301e+01 3.546336618672572882e+01 -5.682910490182477758e+01
-7.041920430837068068e+01 2.893345183294709244e+01 -7.334285385766588661e+01 -6.894942329614917753e+01 3.333160014881199729e+00 -6.419001375124953768e+01 5.078992927218040876e+01 5.121411704849229807e+01 3.529277182440595340e+01 -5.625330875291165711e+01
-7.088127801405728690e+01 2.927368281888008994e+01 -7.354882095458044944e+01 -6.872898881006503302e+01 3.268230365612557087e+00 -6.523792843409215436e+01 5.100142859250436800e+01 5.028133460644927766e+01 3.528959470958911027e+01 -5.598152336749378577e+01
-7.005622966057556766e+01 2.849775668852548804e+01 -7.311522121271686103e+01 -6.849765707489217448e+01 3.392743020791574082e+00 -6.461681044603065516e+01 5.057390423490473097e+01 5.076103150162396105e+01 3.543994212305067038e+01 -5.592478972696198269e+01
-7.060406919304089968e+01 2.947342887898951247e+01 -7.315582241715478062e+01 -6.861088561985297929e+01 3.187275349491110354e+00 -6.450879837327747168e+01 5.094052274386550749e+01 5.068575997310759362e+01 3.584191373010357751e+01 -5.587299612078293620e+01
-7.062769375091679080e+01 2.840114972167115326e+01 -7.356197486120541384e+01 -6.825856517565235038e+01 3.047862139174215557e+00 -6.418857079386964415e+01 5.062216822295494723e+01 5.065810607448129588e+01 3.556438496868818788e+01 -5.638314716200455479e+01
-7.040689764453726696e+01 2.928345520015409420e+01 -7.336884163013814941e+01 -6.771376692200423975e+01 3.258724900240713040e+00 -6.463872452817226133e+01 5.060735020614990987e+01 5.047804200204404879e+01 3.581548829092224651e+01 -5.582004813852348946e+01
-7.081392149841551031e+01 2.873247224506810582e+01 -7.347299250961181372e+01 -6.870495784375668791e+01 3.495547875136406635e+00 -6.440803256899549467e+01 5.123476465827465631e+01 5.068994863871913026e+01 3.558937258359527078e+01 -5.625164357238445945e+01
-7.063653710383574946e+01 2.978666724687360556e+01 -7.369651055766433956e+01 -6.800828279723555170e+01 3.691238405490416596e+00 -6.438124141449549143e+01 5.085015839042733177e+01 5.059033585103826880e+01 3.594641757218751366e+01 -5.575910800738445516e+01
-7.003424198510849408e+01 2.917005595278233443e+01 -7.340590311304100624e+01 -6.864063106491286703e+01 2.978201866248763707e+00 -6.457965388327527023e+01 5.126956244910731186e+01 5.134542081342661390e+01 3.579480920511910114e+01 -5.612449129161151973e+01
-7.045801550436964078e+01 2.907338024666704612e+01 -7.345823808885292294e+01 -6.876846436566843579e+01 3.383906542397586037e+00 -6.520209761831799256e+01 5.080071035682230018e+01 5.084645079824487368e+01 3.603082824461972677e+01 -5.616299608240934305e+01
-7.083205585917114888e+01 2.917033839638238391e+01 -7.277857128793411334e+01 -6.853124865985141412e+01 3.463435358666712371e+00 -6.402459525837275578e+01 5.073773088913389273e+01 5.143449636484594834e+01 3.565771054351788649e+01 -5.662068398908742495e+01
-7.025370435614604503e+01 2.882833600964873000e+01 -7.276866283516918088e+01 -6.906725515921320380e+01 3.837263578837963873e+00 -6.384831601571780624e+01 5.086263658789244602e+01 5.099418311941484916e+01 3.557269892564556812e+01 -5.631226196790910166e+01
-7.047122075897199522e+01 2.889149662103542582e+01 -7.296262321652862681e+01 -6.856257944698158724e+01 3.083434789148162380e+00 -6.456325584558884145e+01 5.056197134046171726e+01 5.042228379170128250e+01 3.606788019752455199e+01 -5.576201957433091394e+01
-7.075526821262019439e+01 2.965086250130941892e+01 -7.261380350405251249e+01 -6.806697952074060254e+01 3.834409231946996233e+00 -6.464510603228046648e+01 5.117743095405345599e+01 5.059607291791096628e+01 3.590971592525906431e+01 -5.595251987994016929e+01
-7.029875072737753783e+01 2.920648969263097783e+01 -7.304768911339752435e+01 -6.904107587817340175e+01 3.615177548512875649e+00 -6.412910841131530049e+01 5.111136750567926867e+01 5.097791948431623155e+01 3.572172074874777081e+01 -5.628729058706743160e+01
-7.020767906286042148e+01 3.005371503716738246e+01 -7.378458877819927864e+01 -6.891228186258035748e+01 3.268999419737164125e+00 -6.414393104814858759e+01 5.092972390650281511e+01 5.101110274290771684e+01 3.533849492797357783e+01 -5.591358236839503348e+01
-7.098825748304273020e+01 2.873348378879495257e+01 -7.305184259305497108e+01 -6.831502003908335041e+01 3.647185463533756167e+00 -6.426860551889051010e+01 5.076310651658617701e+01 5.044551324856603713e+01 3.570193463250657118e+01 -5.661335305156200093e+01
-7.081013429890241184e+01 2.946144515770769701e+01 -7.292105962006722564e+01 -6.879448307808381458e+01 3.556261056720808167e+00 -6.407157134437834145e+01 5.066076268059887155e+01 5.059130796127126928e+01 3.575185601710497707e+01 -5.552458704839826709e+01
-7.099626729844959527e+01 2.906722859610165699e+01 -7.312869343849416737e+01 -6.889002743463913703e+01 3.571174761161262978e+00 -6.470614959507545905e+01 5.125944573769641011e+01 5.091339164440272924e+01 3.580467604745161481e+01 -5.592805608806139617e+01
-6.996794885160473143e+01 2.961123897233020941e+01 -7.339063447957991571e+01 -6.892310643545327764e+01 3.359701575850028377e+00 -6.482713340559703852e+01 5.087114256078987040e+01 5.082599992752242457e+01 3.551453592460295994e+01 -5.589176512203097502e+01
-7.024134029037496418e+01 2.868959517730347031e+01 -7.335736613079991741e+01 -6.806286480252830984e+01 4.063720918316047204e+00 -6.407104719976010188e+01 5.094249269607639974e+01 5.110166723855301996e+01 3.589950567720534025e+01 -5.554301932348036530e+01
-7.073333063824233591e+01 2.861618266439387881e+01 -7.345961866886716507e+01 -6.821223710784713035e+01 3.623812934982047373e+00 -6.473004264420906395e+01 5.071002314373014741e+01 5.083722159433529697e+01 3.542909866891914561e+01 -5.592763466252385030e+01
-7.098691249827847116e+01 2.925838240640830179e+01 -7.317143105548724691e+01 -6.872333288684195907e+01 3.260719690313230501e+00 -6.430455543371022031e+01 5.060462652688782015e+01 5.058533123509912599e+01 3.521166979354775606e+01 -5.624037509172514149e+01
-7.112698742472798585e+01 2.879439409649587844e+01 -7.301607043317430623e+01 -6.874925819692461459e+01 3.670937051812968033e+00 -6.434009578082186920e+01 5.072408389814786034e+01 5.123899702206617235e+01 3.480280221093177317e+01 -5.588456868180785619e+01
-7.056293250867625488e+01 2.907027608399895868e+01 -7.280791241800307034e+01 -6.891367941379805018e+01 3.944801188422643712e+00 -6.489696343937320933e+01 5.125241674148731619e+01 5.054607838183081725e+01 3.572672146985280506e+01 -5.586374074583716265e+01
-7.037274792130997980e+01 2.968651170612958978e+01 -7.359646151102892020e+01 -6.892209763978125636e+01 3.418328372737080123e+00 -6.439231593984506219e+01 5.083281331580056417e+01 5.012506600884842101e+01 3.542576726070286952e+01 -5.632814172462952484e+01
-7.099282592168826511e+01 2.933150304781172579e+01 -7.326581873309784498e+01 -6.808640939548450888e+01 3.784495685204756210e+00 -6.509061665443846323e+01 5.080798440994442444e+01 5.115581690658263625e+01 3.526691980067602117e+01 -5.605336941552172192e+01
-7.053890792789248110e+01 2.929447947711244638e+01 -7.319626337782186454e+01 -6.898370601365533616e+01 3.800565110552068582e+00 -6.470865550850511738e+01 5.078465349545693641e+01 5.083651295263236136e+01 3.583150256995289595e+01 -5.561112266133939386e+01
-7.029942413970468351e+01 2.934463654902926422e+01 -7.314577372684352952e+01 -6.816566778242169278e+01 3.495433631381431816e+00 -6.466892190627788750e+01 5.062017711994615610e+01 5.127650266888445429e+01 3.602131582873044380e+01 -5.596983503569884277e+01
-7.010378935662946276e+01 2.927633529787938826e+01 -7.302503651910619453e+01 -6.851256505360289850e+01 3.982468108533492313e+00 -6.452059896992319921e+01 5.126287044146464211e+01 5.107571908064923605e+01 3.539027449576058615e+01 -5.618640959045438166e+01
-7.056474973476936441e+01 2.909398546939431895e+01 -7.322663101864148416e+01 -6.854939854292311452e+01 3.941879830573830734e+00 -6.368733855561408319e+01 5.112232769249641251e+01 5.089056270723758502e+01 3.602985370513612651e+01 -5.625919627538135614e+01
-7.081936270591106108e+01 2.891678089712962674e+01 -7.363989557693331278e+01 -6.899279279889621819e+01 2.990922264696031618e+00 -6.440995328113551466e+01 5.073043129569351350e+01 5.110129773197177627e+01 3.575276162403459068e+01 -5.539933575069088789e+01
-7.061100450797930250e+01 2.911683584183466778e+01 -7.342641649137480897e+01 -6.829054406765980900e+01 3.112480347395357949e+00 -6.433067946821557825e+01 5.093296596959235956e+01 5.118740657435587593e+01 3.543820382555740878e+01 -5.539457363092284936e+01
-7.066934655954345601e+01 2.864560097040802944e+01 -7.350922544944954495e+01 -6.859288826852619536e+01 3.795151509205929585e+00 -6.397374066213523491e+01 5.131689918811445494e+01 5.014691831987318693e+01 3.584351664077529875e+01 -5.619418223253174460e+01
-6.997113127679435252e+01 2.916851339947875488e+01 -7.354164157174396621e+01 -6.871164743515895168e+01 3.002838528450096689e+00 -6.420842186246228778e+01 5.134985588452288852e+01 5.131166831170482823e+01 3.570723764656191435e+01 -5.676305037366241635e+01
-7.043344103347769192e+01 2.912732896932200433e+01 -7.349147496412203395e+01 -6.803845785811250835e+01 2.914054358970691538e+00 -6.513058505113738761e+01 5.067132698571676030e+01 5.094389696904782028e+01 3.579172719218421150e+01 -5.596071816725447690e+01
-7.021485414062010477e+01 2.904772099676035779e+01 -7.301753820396515948e+01 -6.888958354635191483e+01 3.823556342884946613e+00 -6.442692321672431888e+01 5.072536270052258089e+01 5.119538295958618335e+01 3.554685711153067018e+01 -5.586153400042251604e+01
-7.071060995341593980e+01 2.947200075022821508e+01 -7.279214294900015148e+01 -6.930465323843594661e+01 3.490831713933776559e+00 -6.452569345727006578e+01 5.091806698916880691e+01 5.144239022713352227e+01 3.513966990446266436e+01 -5.650278703239634126e+01
-7.009561885659830693e+01 2.891987349793157591e+01 -7.305168925005344249e+01 -6.854161580158759648e+01 3.980188225733232166e+00 -6.522724711206160464e+01 5.040986983780863540e+01 5.064540878717345151e+01 3.566601797833860132e+01 -5.587929834910723059e+01
-7.052529079224611053e+01 2.949065138224207772e+01 -7.310215016349148698e+01 -6.858652359371626517e+01 3.265001442500596429e+00 -6.428007601064977905e+01 5.042321855415499243e+01 5.087008610888219096e+01 3.548600641034576597e+01 -5.562847324468462062e+01
-7.012136066885938135e+01 2.914030752956856674e+01 -7.331074287646342214e+01 -6.869014166568348401e+01 3.709129372664420998e+00 -6.449923415882069833e+01 5.124133902037947763e+01 5.003777209879402221e+01 3.551178784391142074e+01 -5.635642279365165308e+01
-7.022716318366286714e+01 2.918326935994047844e+01 -7.319985479634129888e+01 -6.871964753356955669e+01 3.255333685837538571e+00 -6.465473718489415944e+01 5.103397753830560646e+01 5.092825847275356921e+01 3.548805310454064710e+01 -5.612558014794772987e+01
-7.050232345210088170e+01 2.947197963229094242e+01 -7.280441851241850770e+01 -6.877924457334665931e+01 2.931526937446313319e+00 -6.387338155495605463e+01 5.112252853364554994e+01 5.069628211482024938e+01 3.481785140922369948e+01 -5.588262361499775466e+01
-6.966938377970251395e+01 2.893150367223142894e+01 -7.305620843041550927e+01 -6.831343010226515844e+01 3.887951884540585379e+00 -6.488958137540139148e+01 5.064271467417989214e+01 5.077330662576881792e+01 3.526684242968806871e+01 -5.605581218795509812e+01
-7.006942555987666310e+01 2.890250022335058233e+01 -7.356407592278615937e+01 -6.874429890779813945e+01 3.615400808943130428e+00 -6.423078300950716368e+01 5.123840874695596170e+01 5.069817880002889154e+01 3.564628120761550889e+01 -5.593665114746438860e+01
-7.083538301181525298e+01 2.870981499134567727e+01 -7.286890958735905599e+01 -6.804549862919650138e+01 3.006701740512236931e+00 -6.450860011584404674e+01 5.103056929886189863e+01 5.195413642839262991e+01 3.556939072801059609e+01 -5.587606836781452557e+01
-7.080546801419012581e+01 2.958203956752880615e+01 -7.333983825193945449e+01 -6.882729374030773783e+01 3.554320391145984637e+00 -6.493349985975295624e+01 5.083539221158891053e+01 5.086713767024649258e+01 3.527737564735087972e+01 -5.600215441994373577e+01
-6.976981087894625944e+01 2.912035731688501983e+01 -7.352827109733334510e+01 -6.886591939037138843e+01 3.094851931904914366e+00 -6.441194459028837116e+01 5.028404230382894013e+01 5.059176842829813125e+01 3.580056069597588930e+01 -5.639034299470153400e+01
-7.041227543303882896e+01 2.880014450678332594e+01 -7.343968794392553434e+01 -6.887389875707448539e+01 4.025913332551439794e+00 -6.461480769692910542e+01 5.046784078547051422e+01 5.038504726143580115e+01 3.559542769533000950e+01 -5.575156827188081365e+01
-7.051103369673222687e+01 2.927204598063596563e+01 -7.391097159125069993e+01 -6.861376178805620896e+01 3.328343951476711471e+00 -6.492569232173229921e+01 5.087726802630947986e+01 5.110526816285033647e+01 3.532584894497890105e+01 -5.577764508443265612e+01
-7.041453873747568082e+01 2.943420118990924905e+01 -7.291467255653927282e+01 -6.866133024554439146e+01 3.501087613440466484e+00 -6.463707012982432332e+01 5.060427504712111357e+01 5.063910282502803284e+01 3.571004928632925868e+01 -5.615491058229661547e+01
-7.103129372272960040e+01 2.926360487880907968e+01 -7.375917843780040073e+01 -6.849297592179897265e+01 4.110026496339965973e+00 -6.433607388967153895e+01 5.075387190154376071e+01 5.082889638276900257e+01 3.555712038355719073e+01 -5.636259359446712125e+01
-7.056650835108864328e+01 2.903658807352019977e+01 -7.288173801552615316e+01 -6.834558676591764481e+01 3.392047509076896006e+00 -6.508125586165040488e+01 5.139306460326585579e+01 5.051931427804916552e+01 3.512329525375734107e+01 -5.598209419963983891e+01
-7.063554189654843185e+01 2.888783562207070688e+01 -7.351017911949602990e+01 -6.887388212432152557e+01 3.687822324525828588e+00 -6.430380995876819838e+01 5.055941193644297016e+01 5.076446080036759412e+01 3.561967411166240538e+01 -5.597081208963356147e+01
-6.973138506409569004e+01 2.910774303314121880e+01 -7.303108053250518594e+01 -6.900882464902402091e+01 3.535751847273189696e+00 -6.416284175284647517e+01 5.088931270046705180e+01 5.055163291276220860e+01 3.540058681556538289e+01 -5.555433409731675454e+01
-7.062210278683761544e+01 2.902801952605095792e+01 -7.342591145164794852e+01 -6.849051430789691608e+01 3.241034516782137054e+00 -6.494429822513897932e+01 5.065080014166045430e+01 5.060351538071610378e+01 3.542098190347971354e+01 -5.594950698641434883e+01
-7.094778401934590306e+01 2.947090372476578679e+01 -7.340731569271680712e+01 -6.796208650615777458e+01 3.300502496844907707e+00 -6.453522070516025622e+01 5.098938674533405901e+01 5.105067836133379444e+01 3.614263566548219586e+01 -5.575606387878744385e+01
-7.072383854862515307e+01 2.918606877460983284e+01 -7.310338567197165105e+01 -6.853833660326134236e+01 3.368815790834950086e+00 -6.456293684796999344e+01 5.126784071878564220e+01 5.103194729793469264e+01 3.519033190697135183e+01 -5.587074424639740755e+01
-7.043641677658457922e+01 2.878621687909502924e+01 -7.321743782269641088e+01 -6.871066891780165520e+01 3.852798715212551350e+00 -6.459921110020430035e+01 5.133204113840909599e+01 5.072442895880896430e+01 3.605724439070479548e+01 -5.565529170174833951e+01
-7.017876799452376702e+01 2.917075583380599113e+01 -7.332672358852997263e+01 -6.786643838233035808e+01 3.265739022179932949e+00 -6.436950298283626637e+01 5.116202599717261279e+01 5.059095846882465963e+01 3.649662299412208455e+01 -5.612397600110811169e+01
