-8.411139694243985332e+01 -8.337349986849562811e+01 -8.436224002000606959e+01 -8.426068988032538698e+01 -8.361750047019886267e+01 -8.358888665783084093e+01 -8.389315940014633100e+01 -8.334792585430429313e+01 -8.463996545780962322e+01 -8.387193744962209507e+01
-8.419814270482652319e+01 -8.425797952624255061e+01 -8.417089852492431135e+01 -8.366593998766344953e+01 -8.365565432739096252e+01 -8.350906314413563791e+01 -8.395102623618022619e+01 -8.309402918551407424e+01 -8.347306807746281265e+01 -8.366022624863231272e+01
-8.382497825380823997e+01 -8.344192517698284917e+01 -8.453347144429282878e+01 -8.409095102712791459e+01 -8.441632809758728229e+01 -8.351812426477749796e+01 -8.373013655967064039e+01 -8.317689917513658315e+01 -8.353290310963970455e+01 -8.409051815583366363e+01
-8.378896405102236145e+01 -8.400934543898776496e+01 -8.459102746243056004e+01 -8.401961618967803247e+01 -8.376872693823339944e+01 -8.362067550928379944e+01 -8.361619933185885145e+01 -8.301988993676353346e+01 -8.304680148953846697e+01 -8.394733268112679525e+01
-8.392807841113071277e+01 -8.383330765137496599e+01 -8.454255892526418847e+01 -8.351577869083214978e+01 -8.376396748174261120e+01 -8.365816874402990777e+01 -8.398393269567090158e+01 -8.402936279501670924e+01 -8.408969352775856976e+01 -8.399127481085085378e+01
-8.366102485819000378e+01 -8.367288361417656972e+01 -8.423488507154614524e+01 -8.382845217452295117e+01 -8.366208363142956728e+01 -8.357805433511907722e+01 -8.421320864932069128e+01 -8.417403560910631199e+01 -8.403527794184222444e+01 -8.380626840402970856e+01
-8.419963912733641109e+01 -8.413397993891355497e+01 -8.407241964450055605e+01 -8.456038728481331646e+01 -8.359338372922026394e+01 -8.387165312967104569e+01 -8.399157900738845228e+01 -8.303320459662785424e+01 -8.380582552537039476e+01 -8.446191291462238837e+01
-8.381228078283881189e+01 -8.415470784125766102e+01 -8.429622331597832385e+01 -8.446476197900416594e+01 -8.436681799542849092e+01 -8.370800929155593906e+01 -8.397738881341342676e+01 -8.385366338042653922e+01 -8.409410799251638480e+01 -8.431490278843376984e+01
-8.314351882460303500e+01 -8.419249191468028926e+01 -8.459214363100353751e+01 -8.438906303844420620e+01 -8.377243829233844963e+01 -8.333011416645717873e+01 -8.389669781413398653e+01 -8.391551197617835101e+01 -8.345083019152473014e+01 -8.410258149644248249e+01
-8.366946331878169474e+01 -8.393657792253546290e+01 -8.426370582648701202e+01 -8.384729755885089730e+01 -8.440655007459365322e+01 -8.266700262722108050e+01 -8.314963866661277336e+01 -8.326945388267662906e+01 -8.384805187625987344e+01 -8.362524765583474107e+01
-8.350673065266312278e+01 -8.353810047380447656e+01 -8.439753576050276251e+01 -8.397834306748644906e+01 -8.337967301289293687e+01 -8.363803304985793829e+01 -8.441102344226146670e+01 -8.375592355222764240e+01 -8.403687263754432024e+01 -8.432305945258561053e+01
-8.375505663378929455e+01 -8.368310588902063785e+01 -8.376696613205592712e+01 -8.440338033294854370e+01 -8.364850386319496067e+01 -8.255286478882801759e+01 -8.399217296038419533e+01 -8.417709679239690956e+01 -8.364870918639618935e+01 -8.356760780727931603e+01
-8.431236675387799551e+01 -8.384156336504452156e+01 -8.502083211610950286e+01 -8.382093504289319696e+01 -8.420214479967081900e+01 -8.339066108600275129e+01 -8.400429580092918513e+01 -8.355285816761661977e+01 -8.450594512427473148e+01 -8.379914414237954645e+01
-8.416382617435345992e+01 -8.418311752755600708e+01 -8.407871760707919861e+01 -8.410642443517863853e+01 -8.450692463204470073e+01 -8.382208806513504840e+01 -8.433565851044666317e+01 -8.326352679697365033e+01 -8.412960115784582626e+01 -8.375529545127891140e+01
-8.425895444689409430e+01 -8.402084567428664741e+01 -8.415940648351561038e+01 -8.412771939058072235e+01 -8.398660687803409530e+01 -8.324684628559151633e+01 -8.362589840944215780e+01 -8.392534768675723456e+01 -8.397954449992558068e+01 -8.419274520792760086e+01
-8.319969823445866552e+01 -8.358370942303497486e+01 -8.468165955805969247e+01 -8.404217449065544088e+01 -8.381079647529719523e+01 -8.319286384805349144e+01 -8.438040744252180048e+01 -8.349376676555166910e+01 -8.356169563151536295e+01 -8.393051225440657959e+01
-8.379579100272627556e+01 -8.385858200517628802e+01 -8.425731586081369073e+01 -8.400629388100948347e+01 -8.434702665348450523e+01 -8.321180337107644220e+01 -8.461750670283227294e+01 -8.374326429119899728e+01 -8.360127624610338160e+01 -8.389363813506889755e+01
-8.384814100396089032e+01 -8.362805418467486618e+01 -8.483195470995860887e+01 -8.341611423399325531e+01 -8.387743234711092555e+01 -8.330624901042185115e+01 -8.365587553682533439e+01 -8.352172725983274404e+01 -8.408127794715119308e+01 -8.341083349785775169e+01
-8.364001477093864878e+01 -8.345904559981252646e+01 -8.410477913829632257e+01 -8.423160913141191486e+01 -8.397988738068939085e+01 -8.357460497768957453e+01 -8.371470768697496112e+01 -8.319572363069322307e+01 -8.407557422904565669e+01 -8.398434330834713535e+01
-8.399781644636864542e+01 -8.353110728004652685e+01 -8.425156672088306209e+01 -8.418469056379177573e+01 -8.365905638968588676e+01 -8.316772426580595834e+01 -8.401850517577692301e+01 -8.393007052549619118e+01 -8.389512018603019783e+01 -8.355829680995856279e+01
