-9.746112037284677854e+01 2.904006348355702016e+01 8.018136120951180601e+01 1.562690103517321916e+01 9.453238450423478412e+01 1.726555378134190732e+01 -2.565788574892695806e+01 -9.389698011136442801e+01 4.200130583603603895e+01 4.513872531255231024e+01
-5.960912706446186604e+01 5.355558738785890682e+01 2.906783370365161545e+01 -4.329428874753568834e+01 2.850293988424445502e+01 9.142192890596655275e+01 6.253203011232773179e+01 -3.960789284463859161e+01 9.524962214546971495e+01 3.012339040906235255e+01
-5.201369616798871931e+01 5.214946304767110519e+00 -9.953535656903677875e+01 9.804332769238203582e+01 5.759534046349796199e+01 -7.882034019157117655e+01 -2.321886892083276166e+01 -6.118170146056313996e+01 -6.233760150923160381e+00 -7.332831799887237878e+01
-7.618308890628615870e+01 7.458855992580336647e+01 -3.146452630608568768e+01 -5.604039777313436588e+01 -5.938565945364459964e+01 -1.415453177262804729e+01 8.604826138588182971e+01 -1.757732731437914708e+01 1.314676842398732504e+01 8.415490442344452049e+01
1.556365694452819071e+01 8.632045730290019492e+01 -3.412063806731285354e+01 6.821792949872789791e+01 3.377953195347495807e+01 -9.018338494554261331e+01 1.175089412085763740e+01 -7.517608243351547515e+01 7.705378708003746624e+01 6.438496544546740097e+01
8.069465564923677903e+01 7.219770378115006793e+01 -8.634748837209494354e+01 5.271235169266802245e+01 -5.336417647439972711e+01 -6.154474420779393995e+00 -6.051779169906406253e+01 4.967900173772355288e+01 -2.744676993913877538e+01 4.197719651163697563e+01
7.034547583841148821e+01 -2.201093691267013241e+01 -4.210588378772357743e+01 -7.016260429082592509e+01 -6.653159928865079564e+01 -3.949343438001369577e+01 -9.830625107269628415e+01 -4.596517332130684963e+01 5.347245119515636702e+01 1.123630462424378607e+01
-3.022291706729589578e+01 2.910198933634126206e+01 4.053227079556594958e+01 4.912320347669265175e+00 -5.840988642004365516e+01 -1.461754494871978238e+01 -6.179446217668868968e+01 -4.436599170774919543e+01 7.860281901364123769e+01 2.845023715130830055e+01
4.076670146440318376e+01 -1.762354160231936362e+00 5.722846352455277952e+00 -2.833796531947636765e+01 -1.110605570848974821e-01 -3.098561716084371653e+01 9.646008604903897776e+01 3.165014104056589872e+01 -1.819040579885422915e+01 -9.075524527409496045e+01
-1.596043588556001680e+01 9.216272333919971516e+01 9.316782353825999508e+01 7.064209860282539921e+01 -4.479416731411796349e+01 -6.321624901229738924e+01 -8.322886866691192154e+01 -1.056317497069601075e+01 2.340195776794078597e+01 9.575747283514999708e+01
5.519505078075874849e+01 2.236499433429315786e+00 2.886299707536360870e+01 4.306533692909536626e+01 9.023169098415954181e+01 6.903858567593411522e+01 7.502865601891718939e+01 1.318299471988670746e+01 8.548346169200036115e+01 4.939559271975412003e+01
4.641410789616472243e+01 -1.043865751425600763e+01 2.905944495786766879e+01 -8.805314690345988993e+01 5.802312967154355761e+01 -3.500436175866764188e+01 5.198831023836910958e+01 2.689549193464249299e+01 2.946321743178128827e+01 -7.609260220452938484e+01
4.336595827638166156e+01 7.190416601353888382e+01 6.259969191290153390e+00 5.517179700626266481e+01 1.060600722838157139e+01 5.774625668980900173e+01 3.368276560507510453e+00 2.269666212927157289e+01 -1.458636102356847175e+01 2.750959269090454029e+01
5.724993098496685207e+01 1.469069372005591845e+00 -3.901077371793757465e+01 7.709741338600130689e+01 -9.583798534546721726e+01 -8.570124860752486029e+01 5.230572842073212314e+01 -3.030485261337159386e+01 8.264550024379158799e+01 -4.253958764852455943e+00
-2.477620021474558598e+01 -2.350279096528925038e+01 -4.685019875509497211e+01 -1.954205588127496185e+01 1.041198095752031350e+01 -9.599314255257469597e+01 -3.136012152051148405e+01 -6.350692006560650071e+01 -3.286603463676986792e+01 4.087540911956023137e+01
6.433658981376206043e+01 3.356106252492710951e+01 8.554193216363236729e+01 -4.220071974776979573e+01 -1.853961586023143582e+01 3.932202725307766400e+01 5.391818647250059371e+01 2.663111524398487973e+00 -6.615934935463749866e+01 4.197840145063835848e+00
1.160128293388909526e+01 -5.472976002495808245e+01 7.804060489674924384e+00 4.728389960360223654e+01 -6.789362577764219964e+01 -3.724381992689704646e+01 4.645962432246005847e+01 -5.231717115730993584e+01 2.778474558724059307e+01 8.012826332765069992e+01
1.759948702516484786e+01 3.797605106890520688e+01 -3.713106077759966439e+01 -8.249138019644941267e+01 -2.655144111639484095e+01 -4.859460123589059322e+00 -7.191407071059354905e+01 9.030195790731363559e+01 -1.745916245472658090e+01 -3.020139815666911431e+01
6.746810438907942853e+01 -2.190851785837625698e+01 -6.097750821596306281e+01 -9.427623130307618737e+01 3.696784124457818166e+01 -5.126082603320838160e+01 -3.324855238531966961e+00 -3.083146519493216431e+01 2.417395311109389411e+01 6.395521072741186686e+01
-8.634160986306937957e-02 4.112714849272134643e+01 2.685084492799308009e+01 -4.456649057636745681e+01 -8.332655258717605307e+01 3.576383416916041824e+01 9.292908353226880536e+01 2.427506177251686381e+01 -8.577315182657230253e+00 -6.178561299599112289e+01
-4.436602794369520097e+00 -9.375156789681433622e+01 1.864610220678048336e+01 7.779263322425532579e+01 6.638526682305456461e+01 -8.966536538681666002e+01 -3.097167197247173931e+00 -9.488066747050278593e+01 -3.087754783134684544e+01 -3.206133475462019078e+01
-7.682693833844763276e+01 3.013757597898626273e+01 2.769141767470443938e+00 -3.375991278684071517e+01 -4.171078873108456264e+00 8.493191266913194681e+01 3.951672897371426529e+01 1.842967022815315659e+01 -4.012590289002175581e+01 -4.035536922269684368e+01
5.509006428460244820e+01 6.222670927787970641e+01 6.589290315129832720e+01 -8.552601514128204485e+01 8.613522841291540999e+01 -7.596911391744842490e+01 7.280022369197988041e+01 -2.382167926893896492e+01 8.907231334010086243e+01 -7.152486729522817654e+01
-6.118159294559619354e+01 -8.408021514521573181e+01 -8.890208238527776530e+00 -9.899913854875438801e+01 -6.029850877796347675e+01 -6.513344018969931426e+01 1.892311659601497809e+01 8.680555764872673308e+01 2.128782002627826841e+01 2.072451924085139296e+01
-3.236805615707621087e+01 -3.823912933659568125e+01 -1.409292723457716079e+01 9.830681413013607539e+01 3.777479220328646647e+01 -2.559142849735081882e+00 3.676062326537959279e+00 9.838073445717907362e+01 -7.842457452635191828e+01 1.334963489936539816e+01
3.549741587119618202e+01 -7.096919035854975277e+01 2.538701362136683315e+01 -4.610469225544954952e+01 2.309921894393440311e+01 3.319896217593966981e+01 -7.873025479984093522e+00 7.455169959435096416e+01 -1.564537740856479786e+01 2.985406177203657307e+00
8.390974753402304032e+01 -9.341694155624790596e+01 1.947566780545064091e+01 7.491400735490543639e+01 2.118297924696686607e+01 8.997577776372028779e+01 -9.483461206614364869e+00 -6.085729897291984969e+01 -6.882630740428265881e+01 -7.757327710561337142e+01
1.867694444457801239e+01 4.742897112697369266e+01 9.658693086367455294e+01 7.147352681521147133e+01 -1.216440321316798645e+01 -3.823520014355909780e+01 -9.552400502805357974e+01 -3.774015370648579903e+01 -8.187255309985459917e+00 5.766367652320639081e+01
3.305305818148832486e+01 8.763293146349516860e+01 2.492363434776407871e+01 5.580475866221291881e+01 8.798610903605572275e+01 4.436221358478638876e+01 8.911908741207685125e+01 -6.843872224465769705e+01 -5.561808363713234371e+01 2.516886049003316828e+01
1.845381753066403974e+01 -4.649939521527110742e+01 -2.664641778269853489e+01 -8.313732405114105006e+01 1.749108636012162776e+01 -7.982458282750313572e+01 -1.791225910850640446e+01 4.773075217022895345e+01 -9.339493257480148714e+01 -1.690172000802323282e+01
5.840697976833232019e+01 -3.018613067722486676e+01 2.405669131371195135e+01 -7.625422180696887153e+01 2.939691302407743478e+01 -5.161842424425267239e+01 2.196935991204543370e+01 3.158725463835995129e+01 -6.956514495257516728e+01 4.228010989916211315e+01
-3.822454129678742873e+01 2.716729508048069874e+01 -8.905364714300911544e+01 7.719177511182050466e+01 -3.468377955259190060e+01 -2.017998156794378417e+01 4.833975113108965616e+01 7.818412439593765839e+01 -6.758252827789783623e+01 7.094840208107660828e+01
-9.853003337582535437e+01 -4.625321357220586549e+01 -3.782494428078339865e+01 9.599823595323329073e+01 4.642007414751537908e+01 5.535923722589691920e+01 -9.841951483774596454e+01 -3.303761020053485709e+01 6.414657869199541551e+01 -6.911858531246312509e+01
-5.931114731721955735e+01 6.314349579886163610e+01 -7.414260288431238166e+01 2.031907073154310694e+01 3.563090282640345663e+01 2.896605749202734614e+00 -1.996421530779876718e+01 -3.198966320406341879e+01 -9.050554502520455458e+00 -4.684958988865943752e+00
9.729756759903040120e+01 -4.419810899207510602e+01 7.264636437485060583e+01 -1.262837248267196344e+01 3.318738528375757824e+01 5.994393841408029289e+01 9.310877971108760676e+01 -4.195549632581161603e+01 -3.294662924374236468e+00 -4.399658688284887376e+00
3.969181620200063776e+01 1.378067924123268995e+01 2.079453211037814242e+01 -1.859717510130865037e+01 6.640197208240738291e+01 -8.291317876699804401e+01 -6.251693367840643134e+01 5.878067096348866016e+01 -6.116479907849916486e+01 1.352309578626145026e+01
3.276955913678895627e+01 2.143686708360004900e+01 -5.322335846981300733e+01 8.692943457586585509e+01 -1.325302958746448212e+00 -2.201370351840171224e+01 -5.402057587806723404e+00 -2.737003883138639537e+01 -5.241640952673360943e+01 4.533445291195977234e+01
1.545024428875834133e+01 7.996860751577762016e+01 9.430224599289331877e+01 5.002251174284501190e+01 2.853491031623727281e+01 -2.233944377997727315e+01 9.727159518224709700e+00 -9.238571143937257091e+01 8.670390204546788482e+01 -1.645855204042435105e+01
-7.841679631623236446e+01 2.390336718110552283e+01 -4.945638672977399608e+01 -8.641420582861036337e+01 7.248531050198329240e+01 1.690891129465647680e+01 9.359688384575864006e+01 -4.791576513974747087e+01 7.938406282965914329e+01 7.891163070483662523e+01
-9.346568587347026380e+01 3.506606449023999517e+01 -4.036010022010820819e+01 9.632488337245621324e+01 6.284996806544199899e+01 -8.375417034871941269e+01 -8.224010137090886019e+01 2.252240519925048545e+01 -7.062948110533633894e+01 3.784692792942294659e+00
9.810686812214171937e+01 5.695481172054789454e+01 -8.677469007480755181e+01 -9.913640739941570246e+00 -7.262861474118568594e+01 5.150813345148822009e+01 -7.992489485883409372e+01 1.519525226399230178e+01 6.520328484950010761e+01 -8.586017539864482728e+01
1.577283527911168903e+01 7.570724702868213285e+01 -3.316679107124926418e+00 -8.229560297661805635e+01 3.926487610305667886e+01 -5.617673769646871307e+01 -2.034447250658305961e+01 4.429727306428753764e+01 -2.482257887393176077e+01 -1.814012862682719174e+01
-6.359247892632870958e+01 6.101187367096105163e+01 7.050842414920828105e+01 -5.713481132850291289e+01 -3.537263263831360405e+01 -5.829980294248375827e+01 7.140036570954811168e+01 8.017611817618518444e+01 1.686876503755945578e+01 6.579825313862409075e+01
5.174422599076598317e+01 2.428693109159117114e+01 8.301762485789620882e+01 4.923784574475007503e+01 2.359143296721101990e+01 -8.051117437704813540e+01 -2.996465263247287680e+01 6.532725133781224258e+01 -3.877341319716664714e+01 -8.188111256661855464e+00
9.507673380219932824e+01 4.165436010129525357e+01 -1.418719827507489128e+01 6.359328985434953552e+01 -3.376022961015792134e+01 9.769497898971303584e+01 -7.342458658322992449e+01 2.568265024629623383e+01 -4.039760791250055405e+01 -9.294108372665178308e+00
9.597849469113285181e+01 -5.664457538813112336e+01 8.628849060281967809e+01 4.871939424342565417e+01 -1.667100827734940083e+01 -7.232485384051167898e+01 6.974183855834982637e+01 -5.146174464156181472e+01 6.632016226804847747e+01 8.882645205506133834e+01
-4.567595957726413758e+01 4.579479057655078122e+01 -3.470088472442097327e+01 7.814954927991780664e+01 -2.563902776755955415e+01 -5.856349438257211659e+00 7.745025204945523001e+01 9.718711807282366522e+01 -9.226218462186437819e+00 -1.513915083802004347e-01
-3.613391550629476967e+01 -7.988084055522936922e+01 -7.783011271773870021e+01 2.425734594316320170e+01 -9.096461548363524230e+01 3.264489532203106137e+01 -7.319614433555877042e+01 -1.576069738191560532e+01 -1.607659147407429145e+01 7.405485906813655106e+01
6.398880973805881922e+01 2.797731635027147945e+00 9.815691181563320811e+01 7.246395709634717264e+01 -2.517657344841506983e+01 -1.726089800648003347e+01 -2.496067625944249357e+01 -5.093010276761633293e+01 -1.825668265611066943e+01 -6.083435233671212927e+01
-4.928474180502990976e+01 5.365925791262645816e+01 7.815593428516899621e+01 8.968919065988248462e+01 5.872332066938102457e+01 -8.228793684814159803e+01 -9.455925004659002298e+01 -9.121829959961497991e+01 -5.282133084014035518e+01 -9.711585531267851934e+01
4.723583397585179000e+01 -7.660408000573248444e+01 -4.428359233880367896e+01 8.285597891294443684e+01 -1.701300100784750668e+01 -7.934315758992273970e+01 -8.424680396387518044e+01 -7.457669176562347957e+00 4.455556416106782081e+01 -3.468140185667184028e+01
9.852339779976628620e+01 -1.453887195271330768e+01 -6.572990678473658477e+01 8.504931777827340511e+01 1.661987149334207459e+01 -8.342659550427842419e+01 2.068438193751916288e+01 9.009622163526006489e+01 -5.890856110337736595e+01 5.384131198005803753e-01
5.970962442949524984e+01 -3.544797530981705336e+01 9.920042192775434842e+01 5.728516217788725839e+01 -6.489354436105182344e+01 -8.945015066061120024e+01 1.193597809107464514e+01 -9.224624866309076765e+01 -6.718881927210588856e+01 6.067794180456772324e+01
3.281440109867128285e+01 -8.001406430050639074e+01 5.268902895776318474e+01 -7.539558784471773834e+01 5.299363264004171015e-01 4.502585941256995739e+01 -9.874457441475423991e+01 3.019403891645367821e+01 7.529835164195088737e+01 1.543339104583274946e+01
1.468665950750769866e+01 -3.058635633522300168e+01 2.057764897012390293e+00 6.907245164495449785e+01 -6.837774414544949764e+01 -5.618492348816370452e+01 -6.956853295673546711e+01 9.156648303089912133e+01 -3.301028184363659079e+00 1.474203354934316224e+01
-7.414197685827929263e+01 2.646327176039891071e+01 -5.152970540193066995e+01 1.550473760522683619e+01 5.256256513900646610e+01 8.925545728945246537e+01 6.937138965047466854e+00 6.283863254928863284e+01 7.276805239470317588e+01 1.354405900614064251e+01
2.338296790238767642e+01 -1.062564569948347071e+01 6.877625103101408399e+01 3.162046151187715282e+01 -6.628483016177514742e+01 -4.483202633955238525e+01 -2.080598319856017042e+01 -1.162052857878926204e+01 3.028015482777337297e+01 2.532189548309330007e+01
-8.381236110626983304e+01 5.775100796126179148e+01 -3.382980368624544099e+01 6.463284689997885835e+01 8.627458598567486092e+01 -8.792650892357940506e+00 -7.958311112452335578e+01 9.593140706780948790e+01 -4.389119644309988644e+01 4.862178283205571461e+01
5.914223979318146007e+01 5.405931162974638937e+01 6.555342226877388612e+01 -8.384553322289838206e+01 -9.377267872769603230e+01 4.210768509250456759e+00 -8.365365206978714241e+01 2.003300689686815872e+01 -5.606738354715190553e+01 -9.400896298981378152e+01
-8.675829608624398759e+01 -8.608875317679829209e+01 -3.556855909874039412e+01 1.604682560361129617e+01 8.386426127701085420e+01 3.003114295004706946e+00 -5.345906145895904160e+01 3.404054470988037906e+01 -9.068587527971334339e+01 -1.094428519111916387e+01
9.990208400307014358e+01 6.108751851243826536e+01 -8.179230447546930804e+01 3.567539363802322328e+01 -1.483846064227059003e+01 3.581858938648744584e+01 7.595440067727344058e+01 8.063198987768348047e+01 6.709002289908616490e+01 8.413105517308088110e+01
9.557616683856821282e+01 -1.864031120071101100e+01 -8.970552057947070068e+01 -1.694093988627525960e+01 4.748581246529752775e+01 -5.189561566350331390e+01 3.308470076809882698e+01 -8.762477191127507581e+01 7.249443302458649896e+01 8.451836160167749767e+01
5.394587269207121949e+01 -7.585592490332419402e+01 -4.152592087971378731e+01 -2.954422351822691439e+01 -2.142794583979630829e+01 -7.872463278659604669e+01 -3.311250283161398045e+01 -6.294032721614215120e+00 3.479801018199196960e+00 -4.297584220579124548e+01
6.880393302870214711e+01 2.557399545408797792e+01 -4.541840781315562481e+01 1.795690188886405281e+01 9.690375126796502059e+01 -6.604069954477533599e+01 -4.186153140695383001e+01 3.760843644188886969e+01 -5.543535993194108613e+01 -1.712134696742168671e+00
9.337571792513543301e+01 -2.376584557465022840e+01 4.701953624736503912e+01 4.115686749050311732e+00 -5.807168353370666125e+01 4.729472187881009404e+01 1.911719832403055364e+01 -7.889888976997767145e+00 8.631599203219187189e+01 8.170277376321018892e+01
-4.280094727937995458e+01 1.526391189290174566e+01 1.831824346280539828e+01 -2.958816658948315137e+01 -4.939303328602171206e+01 -7.506476339968497768e+01 -8.619981324893626606e+01 6.210473862617487839e+01 -5.416792013313313703e+01 2.274770472014667178e+01
9.519079423355196923e+01 4.843380081530409598e+01 9.475276104141818223e+01 -4.457227015994587305e+01 9.358736249841768995e+01 9.103428317812256410e+01 -8.088672026391535042e+00 7.606376608841173947e+01 -8.302942760490907403e+00 9.800485407272608995e+01
5.294712014573676129e+00 -2.152920328744430378e+01 -7.016459879975587910e+01 -3.430052398279472925e+01 4.912889997573009282e+01 -5.830492977915173469e+01 -2.133190523782251091e+01 2.347117870492330383e+01 -4.872769443291995373e+01 6.816317238123625089e+01
1.823961685183078885e+00 6.415406255067705388e+01 -9.000220760941233777e+01 -7.346836466300032953e+00 5.866921021939958791e+00 -1.980714160993888129e+01 5.287376089766706855e+01 -2.583981885636184472e+01 -8.426432812342901002e+01 -5.516546103333772777e+01
6.164016892544026405e+00 2.063452895368695295e+01 6.875430269910921766e+01 -6.809571469911588792e+01 1.160381900832230428e+01 1.430435211441178467e+01 -3.401002396945787609e+01 -6.827168200589541414e+01 3.325434423549421581e+01 4.616939719556089017e+01
-5.751591232466665815e+00 2.061678074094315605e+01 9.153803950838153014e-01 -7.251542428898233084e+00 -9.283408892032709048e+01 -1.814387329411084693e+01 -7.780000318833032225e+01 -7.957422864408172813e+01 -9.218579673812092778e+01 -5.063429695065990899e+01
4.433179869077704893e+01 7.708205597814327348e+00 -4.747781518080677898e+01 5.349883090875295011e+00 2.040691573856308594e+01 -3.737427984654559765e+01 5.740200058275283368e+01 9.898819119664202049e+01 9.828290369368215806e+01 5.885939988347413987e+01
-6.626188368240642035e+01 1.667159055314235161e+01 -6.649440662610842878e+00 9.652763472390182642e+01 8.038870694597409283e+01 -7.595940150389353107e+00 2.504806851296173420e+01 -4.138705052642093563e+01 1.660217467377850653e+01 -7.243603550117629197e+01
-4.711313029464845670e+01 9.681586957007428396e+01 4.315958772575632452e+01 -3.214601727917289509e+01 1.350309484114666247e+01 -8.270023237387789550e+00 -6.936954136448652264e+01 -2.128420539530951316e+01 1.059311573490208502e+01 -4.145229693665266524e+01
9.148403382825514996e+01 1.871440851652306492e+01 -9.026681707373711561e+00 2.615510754156944984e+01 6.561987454915214357e+01 -6.756583483159137415e+01 -1.443210419652803012e+01 7.043168614610181066e+00 3.484974303327672374e+01 6.249025682348403166e+01
-7.834439626708407900e+01 -5.185584501613640640e+01 9.548381496509477984e+00 4.847959500043623393e+01 8.682636666951177062e+01 7.817082280043146625e+01 9.096137205102220946e+01 -6.223276008350835298e+01 2.998313773365487123e+01 -7.016176497466402395e+01
-6.850151179712668181e+01 6.018063033124505523e+01 5.041456710624700577e+01 7.126054216759001747e+00 7.897601846204059939e+01 7.048204905184428526e+01 -6.589330466678664777e+01 4.930715477084754639e+01 -9.869608292102117275e+01 -7.353432127197916657e+01
-3.571360798548066384e+01 8.874975768022039802e-01 -3.146867649048257931e+01 -2.053762321532575186e+01 -3.750006491052258184e+01 -8.307243422306176228e+01 3.979662582483499023e+00 -9.706846392589480388e+01 4.400935629759536027e+01 2.492866826488391041e+01
9.628969706125405992e+01 5.322294975619470847e+00 5.139953208931416384e+00 2.739677006991250607e+01 -1.835151105865202226e+01 5.340872616835096665e+01 9.527864135877373997e+01 -9.772896636930099135e+01 2.446514987845429800e+01 2.678034959394011594e+01
4.564113142823771341e-01 3.070464823065012183e+01 6.063878651795718611e+01 5.154521623414413511e+01 -9.532065943622765758e+01 -7.498798405590761718e+01 -4.654132895690730010e+01 9.273717288049303420e+01 8.257803876299584545e+01 1.920346574921384786e+01
9.917445193735125031e+01 -2.046293389231448145e+01 5.765539569009297338e+01 -2.505416789013807488e+01 3.898013483419828162e+01 -3.047017634250366314e+00 8.897196390163213664e+01 6.822455688625831272e+01 -4.094100706810508683e+01 -5.831678702371454648e+01
-4.794542271539435063e+01 -3.015646020754915924e+01 -7.972561964196029294e+01 -1.675280499784597055e+01 3.366346406284790760e+01 -1.442841017520703417e+01 6.024871528152650058e+01 7.073670864101791267e+01 -3.766873621180508991e+01 2.961900766179513766e+01
1.189621916997897699e+01 -8.675601847002114653e+01 -1.943158661178949842e+01 -8.324731832150906996e+01 -8.540874108204084791e+01 9.494102653271536951e+01 2.667505823118032993e+01 -2.469629383298382663e+00 -7.213575801143569777e+01 -3.652794111435786562e+01
-8.093938719026056106e+01 1.845491924184396737e+01 8.911354113473919369e-01 -6.737642394745796537e+01 -6.338092221978599383e+01 3.181460309636966599e+01 6.768638154054477241e+01 -1.220912937924430253e+01 2.651150801518294031e+01 -7.530698630231123047e+01
3.188604002817950800e+01 -8.835611596869145501e+01 8.365613522346868081e+01 4.860716154335983674e+01 -5.309922262391381764e+00 5.627915230315335293e+01 -4.789598371572409974e+01 9.333200702646794866e+01 6.656313878791161187e+01 -6.929368850193135643e+01
-4.673774347350374825e+01 -2.911762707245566162e+01 -8.566932359916638973e+01 1.485904048056683280e+01 6.596701235079649450e-02 -7.609073003040269612e+01 -8.832840105759358096e+01 2.730771005472041679e+01 2.115485833741000476e+01 6.095382343606991071e+01
-1.329439046437508409e+01 -6.905394570735153081e+01 -9.809841463669573614e+01 -5.635310694066723869e+01 5.372148158518882610e+01 8.746134104241406249e+01 7.992173118095053042e+01 9.668919470182862597e+01 -4.879074789522717026e+01 9.098013638771718092e+00
1.039041292236555591e+01 7.085365669727775639e+01 -8.526019541223806186e+01 3.902640483970259311e+01 3.731597074659967461e+01 -8.256051386534382175e+01 6.347046570915338748e+00 -7.058947229902601350e+01 2.750122914667420559e+01 6.160973166638444809e+01
-2.172524366463754575e+01 -5.073395214373563533e+01 4.000999112634511334e+01 3.034154042246120753e+01 4.035759630447793711e+01 -7.585984661355070102e+01 -4.861614585022457646e+01 1.273711372962253563e+00 4.487103674427524425e+01 -8.860263781934911265e+01
-5.121515500269339327e+00 2.681689846781199549e+01 2.270865612000747547e+01 -6.829483208387870263e+00 -2.685760679928776540e+01 -1.475017798902480592e+01 -9.075542636867719182e+01 -1.042489549573247132e+00 -9.466917831289210028e+01 1.432153595910605759e+01
8.458333262210075532e+01 4.336813638823920769e+01 3.056293714084719682e+01 -3.657518974408897350e+01 -1.677581436084523148e+00 -3.627991199915718568e+01 -3.491023045244092771e+01 -8.385213591200388805e+01 -6.110288685866640890e+01 2.706772401124790406e+01
7.989762669217498114e+01 -5.497349712487997664e+01 3.056098336090730072e+01 7.737082099131919222e+01 6.127697124438537912e+01 7.579754452198224612e+01 -5.736055093081628797e+01 9.656068283487584836e+01 -3.322786662979817152e+01 7.236269594776743475e+01
8.586001917860875210e+01 -6.406556798972198408e+01 3.952024533431074360e+01 7.931622786201543818e+00 1.880850326374832093e+01 -1.181467074047588994e+00 4.015662512503226367e+01 7.988847198567248142e+01 -7.417999756711672887e+01 8.762088718446997859e+01
8.173757514821122072e+01 9.539031286553856148e+01 1.830443323222709751e+01 3.643386187789053565e+01 7.401253742062462493e+01 1.432990006340928346e+01 -7.681587357140308825e+01 2.499960978417664137e+01 -8.993310950467750331e+01 3.271141225553577669e+01
-6.218114477647429794e+01 -5.432897147726507114e+00 2.173563325319582873e+01 2.352349355176542645e+00 -4.755183764186736539e+01 -6.863793810188084876e+00 -8.971092395906346439e+01 9.102652466912743989e+01 3.149255185012805214e+01 9.474358148372354549e+01
3.175940050070903453e+01 -3.068536055092403103e+01 -7.141302569633624842e+01 1.342811607731282209e+01 -1.587240756720078139e+01 5.987106060241310956e+01 9.518441869438990466e+01 -7.504971842622637723e+00 -3.496661707136877340e+01 -1.980744544605099122e+01
5.515192454139710776e+01 -6.152638296621420011e+01 6.934084820521240999e+01 1.686719423122440276e-02 9.462785454138108321e+01 3.188117590374383781e+01 6.850798399819609585e+01 3.849957540803453071e+01 7.316596416548551929e+01 8.462419717768310079e+01
-9.195884083364620665e+01 -2.118946782841692311e+01 5.721489262491047612e+01 -6.952368138987179691e+01 -2.199648353967653236e+01 5.186437325855348490e+01 3.786046130014145206e+01 7.560594537001782101e+01 -9.348411013362954236e+01 -5.526540187697781903e+01
9.709257723830458531e+01 -6.597005748491909571e+00 4.472591492225453180e+01 -8.587984094726374451e+01 -2.101661251557288779e+00 -4.554411993383924084e+01 3.898339399210271949e+01 9.284758416384363500e+00 -4.626095405037087005e+01 -9.564204279269092979e+01
9.823936954174362768e+01 -3.426148147856736159e+01 7.566335627681704068e+01 -6.707485486019979248e+01 4.541152807067931008e+01 -5.400030577829257794e+01 -3.661853103896641670e+01 2.024809107248222517e+01 -5.804662237392286528e+01 9.971457047142274632e+01
