-8.496925503953954717e+01 -8.328134288072558888e+01 -8.427219590047513975e+01 -8.445840842393096182e+01 -8.299929314682849224e+01 -8.441557731222100358e+01 -8.407509958495703017e+01 -8.446073636487442116e+01 -8.386075785380700154e+01 -8.329467168998860416e+01
-8.403008213824284667e+01 -8.354941302622155774e+01 -8.412999609716047189e+01 -8.333556123905009372e+01 -8.316403815433635316e+01 -8.432014370113191148e+01 -8.342582425399773172e+01 -8.423842951651465683e+01 -8.371796817141829194e+01 -8.297838538285712673e+01
-8.356952649116365706e+01 -8.451367529707938786e+01 -8.427082297732967220e+01 -8.489445143008288142e+01 -8.296546020821848799e+01 -8.430321768913178460e+01 -8.371060972326336014e+01 -8.460805943882296276e+01 -8.400462152520435666e+01 -8.386538933522767536e+01
-8.415832354157441841e+01 -8.358974493783028947e+01 -8.394626420743411188e+01 -8.413491414469237384e+01 -8.366052327695845747e+01 -8.424835234204495293e+01 -8.384927067967251446e+01 -8.439195145751494920e+01 -8.380653542489287133e+01 -8.328648533357740291e+01
-8.319795091470166426e+01 -8.334306914646674613e+01 -8.414654127689067309e+01 -8.437473677437530739e+01 -8.326193424800061393e+01 -8.434108413379291846e+01 -8.372043559696538750e+01 -8.454379668669575665e+01 -8.351103551372895595e+01 -8.355871104281673922e+01
-8.406721200161040031e+01 -8.343364455417295744e+01 -8.388037178385597770e+01 -8.471188653486856879e+01 -8.272518863134229150e+01 -8.426087407079441505e+01 -8.410127965099405856e+01 -8.430297801874452546e+01 -8.316159588654223001e+01 -8.367090195841775824e+01
-8.406423074086285396e+01 -8.379383262170024693e+01 -8.470364643993080733e+01 -8.451134838376536607e+01 -8.297890433833099166e+01 -8.395332273923246191e+01 -8.402687280869693609e+01 -8.428262522337801954e+01 -8.461466377707705533e+01 -8.342017742964210925e+01
-8.371345915166205032e+01 -8.396086930461090958e+01 -8.413399720257332604e+01 -8.446030575840103438e+01 -8.371061215884817841e+01 -8.404169419213060621e+01 -8.451597795566026150e+01 -8.377601843188709552e+01 -8.467538322217347968e+01 -8.385591641335641100e+01
-8.414587823525924648e+01 -8.432698729768301860e+01 -8.354483219095993718e+01 -8.420410301783596196e+01 -8.392620221424739668e+01 -8.431363718882353453e+01 -8.370580884494927432e+01 -8.452313904757941998e+01 -8.391311403068115737e+01 -8.308703212550817341e+01
-8.370546786755852509e+01 -8.363437277761654798e+01 -8.417727375741148421e+01 -8.446538958003384323e+01 -8.354090932116936585e+01 -8.492458352519930997e+01 -8.393320227635332742e+01 -8.431049949235020335e+01 -8.444781382538411663e+01 -8.319303097875811659e+01
-8.415387113514411510e+01 -8.363499783855682779e+01 -8.351638959227020109e+01 -8.465952731691379540e+01 -8.351223032597724227e+01 -8.411375662162410549e+01 -8.397322889800680912e+01 -8.426817388738309944e+01 -8.354369516476289448e+01 -8.380022814748133442e+01
-8.372880544587468421e+01 -8.346660480098522328e+01 -8.405910732718326983e+01 -8.470093421631514730e+01 -8.333056609689758432e+01 -8.470820795161466776e+01 -8.477513722657872108e+01 -8.469118986859392351e+01 -8.382501073736888486e+01 -8.354159511012191786e+01
-8.376582232682667950e+01 -8.372348159624861808e+01 -8.395041400218265437e+01 -8.406065405878430852e+01 -8.357234690071037164e+01 -8.514507396471400114e+01 -8.360882480630677094e+01 -8.425781988587795013e+01 -8.400866649827209187e+01 -8.363890246340938006e+01
-8.379577241464282622e+01 -8.359751243591888681e+01 -8.438137486143986621e+01 -8.402526587015984205e+01 -8.372932096953509529e+01 -8.413781193778574163e+01 -8.397868875184401816e+01 -8.398495111158379700e+01 -8.395934192387046835e+01 -8.412224875163990134e+01
-8.444388561458291065e+01 -8.364053041498785035e+01 -8.378156021088514649e+01 -8.505391051876465269e+01 -8.384624819979707411e+01 -8.414758808734032414e+01 -8.422075004827840417e+01 -8.440429119548340964e+01 -8.408996580524707554e+01 -8.343385747686932064e+01
-8.348848963824806901e+01 -8.389111254665461104e+01 -8.320181086073205279e+01 -8.420224894603363452e+01 -8.369881990101887936e+01 -8.464089842080066717e+01 -8.465562731901886195e+01 -8.400214636045645022e+01 -8.332459856268222609e+01 -8.372673305352346063e+01
-8.403641415323923525e+01 -8.404138261556067846e+01 -8.459288399073692233e+01 -8.380065809004291566e+01 -8.310904369951076376e+01 -8.423643854761709804e+01 -8.342128901653130413e+01 -8.456175706342277465e+01 -8.427086676574995749e+01 -8.389984065935931312e+01
-8.451922450644299545e+01 -8.380507272357492354e+01 -8.497208934287600357e+01 -8.450925857953059506e+01 -8.403411385615200402e+01 -8.399512359345752088e+01 -8.391875698378949266e+01 -8.394524392391106460e+01 -8.411874143181881891e+01 -8.322345307505881351e+01
-8.421814775890614158e+01 -8.383803801159533009e+01 -8.447759058335239502e+01 -8.498947659476510808e+01 -8.357076419760281283e+01 -8.442651945267090241e+01 -8.366329300166206906e+01 -8.425234260273283837e+01 -8.406176340857804519e+01 -8.342756023953968736e+01
-8.441379749224849149e+01 -8.395654398162812981e+01 -8.413750260747598020e+01 -8.391970524453734015e+01 -8.405310746251292642e+01 -8.416039773220154530e+01 -8.361410991780029178e+01 -8.472188169268595459e+01 -8.413569167651364467e+01 -8.334719477175528368e+01
-8.412163714661627978e+01 -8.303299728722832640e+01 -8.446993288623917806e+01 -8.460607234084093875e+01 -8.317879825829878371e+01 -8.437471018046473148e+01 -8.391659231812361952e+01 -8.501828357057006258e+01 -8.387158086591037431e+01 -8.345508423198084813e+01
-8.359861871962712598e+01 -8.369861595258412024e+01 -8.365653799621765074e+01 -8.423681116848077011e+01 -8.344661128228941038e+01 -8.451301485554276383e+01 -8.399269835206827395e+01 -8.441213549002421246e+01 -8.394406757093589988e+01 -8.301991993001898607e+01
-8.409262129439809996e+01 -8.417152253021551189e+01 -8.410564865374169585e+01 -8.467894486796042486e+01 -8.400543176632179154e+01 -8.458783300951401429e+01 -8.426455216386750635e+01 -8.461119622604097401e+01 -8.425029831095075394e+01 -8.318439746516004618e+01
-8.346782151948072226e+01 -8.385921446715454408e+01 -8.459551776280581237e+01 -8.408207795711199140e+01 -8.302903592207921690e+01 -8.403899600147282456e+01 -8.393492208046971825e+01 -8.401953644645126928e+01 -8.363053648755563074e+01 -8.346016724818430532e+01
-8.387518910946778306e+01 -8.395491375227157960e+01 -8.418043116339251242e+01 -8.402865504736955415e+01 -8.368673760722107602e+01 -8.486589644396153176e+01 -8.418119788123975411e+01 -8.422401028956947755e+01 -8.399749074863187559e+01 -8.369611241284216874e+01
-8.413498811267622557e+01 -8.354260652827473166e+01 -8.426294288489313544e+01 -8.401407783506077465e+01 -8.314223259771408436e+01 -8.468492262094400758e+01 -8.417019854340543361e+01 -8.372092126032646320e+01 -8.355736525680762838e+01 -8.339769584128507063e+01
-8.414671250354933818e+01 -8.409685647835398470e+01 -8.365160191949715340e+01 -8.443246120020414480e+01 -8.324536827565724195e+01 -8.483695664584938356e+01 -8.386911087601474435e+01 -8.489399864873496426e+01 -8.390812262248822151e+01 -8.369947654917451985e+01
-8.389970160046877368e+01 -8.428795138657775965e+01 -8.411160415283062264e+01 -8.431564972057880425e+01 -8.321346559698051237e+01 -8.412286965283021800e+01 -8.388282878500388051e+01 -8.410283165222803348e+01 -8.377427085596073653e+01 -8.330023277553215166e+01
-8.375694536805747248e+01 -8.393924442086863280e+01 -8.423022675129429615e+01 -8.458185043804354564e+01 -8.360488184572679415e+01 -8.453685634593647080e+01 -8.433052970312492391e+01 -8.443928126761984743e+01 -8.413055123300279092e+01 -8.336053857930701838e+01
-8.378319341052117863e+01 -8.410858938943526653e+01 -8.404419128584275711e+01 -8.458769603172997620e+01 -8.317379702601833458e+01 -8.441009022894587588e+01 -8.337769129012767166e+01 -8.389739121560431556e+01 -8.417825781853176181e+01 -8.335433181111770296e+01
-8.440971023407739438e+01 -8.375225591558591987e+01 -8.448347712838977941e+01 -8.459729669309615474e+01 -8.362628096752889917e+01 -8.463591370444922291e+01 -8.360552015143089477e+01 -8.437258665923110357e+01 -8.372426530789169874e+01 -8.370642232190456866e+01
-8.384025685529377370e+01 -8.406162245275635314e+01 -8.350713345407277188e+01 -8.410189258206709439e+01 -8.328392717907701126e+01 -8.428335430625268998e+01 -8.337818297425558001e+01 -8.453278031959536065e+01 -8.412589168634819714e+01 -8.307571073609805978e+01
-8.348839606920044787e+01 -8.411368913928045288e+01 -8.453772576207319389e+01 -8.472351499940117492e+01 -8.338512954478757422e+01 -8.430528329300000223e+01 -8.397855153987654830e+01 -8.475069676977123834e+01 -8.338277044975076535e+01 -8.340101880802195922e+01
-8.430436300470815070e+01 -8.371935538385604048e+01 -8.380423742236533258e+01 -8.424982795665806634e+01 -8.341696002305690172e+01 -8.432771899290072781e+01 -8.482093356755689229e+01 -8.339330260803639305e+01 -8.391991518976860220e+01 -8.302763187300384118e+01
-8.396006200579358847e+01 -8.382577526999817508e+01 -8.418577888690468569e+01 -8.474262981712331566e+01 -8.368793365256688332e+01 -8.415118535424055324e+01 -8.386260713977492287e+01 -8.413710433768936525e+01 -8.366950520123738499e+01 -8.351775405772559679e+01
-8.397148055265343203e+01 -8.378582380409034158e+01 -8.436098365490281026e+01 -8.441349223108819899e+01 -8.401975534880544672e+01 -8.414471983194350457e+01 -8.427943670795986009e+01 -8.405398350746781944e+01 -8.437965764409101155e+01 -8.339344506229844001e+01
-8.356128618163852195e+01 -8.380924736460464430e+01 -8.455030910123535648e+01 -8.429359377373076256e+01 -8.345383403987064241e+01 -8.443564230999484721e+01 -8.386833252231738811e+01 -8.420893007056872648e+01 -8.376618991115300616e+01 -8.336512313223649073e+01
-8.392303492664051134e+01 -8.328600313715337222e+01 -8.409722199423464417e+01 -8.426233754460803027e+01 -8.359624044887932826e+01 -8.446247965094406140e+01 -8.437837960208506161e+01 -8.439547759335584942e+01 -8.433475055994711056e+01 -8.353530466642598640e+01
-8.420044412268998713e+01 -8.421302558966978324e+01 -8.443738928457905502e+01 -8.503033116276671421e+01 -8.428022820228194689e+01 -8.471578278866142853e+01 -8.393910159147797856e+01 -8.504159977014363392e+01 -8.374662114536191382e+01 -8.374802245865848249e+01
-8.338722268795785908e+01 -8.411196511082495419e+01 -8.391243354299471946e+01 -8.428015435027252522e+01 -8.372945373857155005e+01 -8.449539452961901986e+01 -8.425317376129875413e+01 -8.445095837836687735e+01 -8.381982672812782198e+01 -8.390471850864119574e+01
-8.352099578323760909e+01 -8.408449413712561693e+01 -8.429519758010511055e+01 -8.473738460753124002e+01 -8.373484088033993089e+01 -8.367919344822014693e+01 -8.345158997384697841e+01 -8.410902176117240003e+01 -8.476636386176423343e+01 -8.393263928528138251e+01
-8.397912635407962512e+01 -8.373955413321621677e+01 -8.347909922275552219e+01 -8.441856821982626968e+01 -8.350725358831944334e+01 -8.451565821116402333e+01 -8.380510922690922371e+01 -8.440799353145200712e+01 -8.348472040988440313e+01 -8.344836049259453148e+01
-8.366674791668013711e+01 -8.367498578032170542e+01 -8.428815024694894475e+01 -8.414934461109673691e+01 -8.370355882632918565e+01 -8.455187556134492866e+01 -8.357603283053465759e+01 -8.421445609235355789e+01 -8.386076509264503898e+01 -8.394514870843114807e+01
-8.396726372707981056e+01 -8.399011705627292201e+01 -8.435289283913242286e+01 -8.468031987094215651e+01 -8.398341347621511943e+01 -8.467892741532426726e+01 -8.406654985332147589e+01 -8.424396920783566145e+01 -8.396925348297509117e+01 -8.346227079191469045e+01
-8.334356102884662221e+01 -8.377465379134561374e+01 -8.365739005809997764e+01 -8.432405377328835527e+01 -8.359833415085974195e+01 -8.434949232735182534e+01 -8.308125701184671641e+01 -8.412343103400064592e+01 -8.361127593084661669e+01 -8.359817990378722641e+01
-8.393867928796854017e+01 -8.410250286014264987e+01 -8.416542176124542607e+01 -8.492904802691116117e+01 -8.346553665169908243e+01 -8.450314317202976611e+01 -8.407120352981733902e+01 -8.420558778282332923e+01 -8.426209729847100505e+01 -8.295004592198243643e+01
-8.349299187147018131e+01 -8.397330341606262039e+01 -8.412191149502247356e+01 -8.485025449586015611e+01 -8.368887806723361678e+01 -8.380395401884950957e+01 -8.351553907104941743e+01 -8.433089014478851198e+01 -8.407347302570383363e+01 -8.341682978568509554e+01
-8.395122963391091275e+01 -8.390702928065938693e+01 -8.446428127832412258e+01 -8.464973726953564892e+01 -8.303582989351583876e+01 -8.469918309123848132e+01 -8.371473818683870149e+01 -8.406921997106682909e+01 -8.435103673157937010e+01 -8.322865017440480528e+01
-8.424584448134191916e+01 -8.360893717625506838e+01 -8.403686511553836169e+01 -8.417188705113549929e+01 -8.359433645194739881e+01 -8.391633725983841430e+01 -8.338988337606555490e+01 -8.415825581797160737e+01 -8.423602745145815618e+01 -8.287878996693562783e+01
-8.354821399311826724e+01 -8.391249694793330605e+01 -8.384765715527302632e+01 -8.417018240932959827e+01 -8.318829633619654373e+01 -8.425274082644443752e+01 -8.405679879799919263e+01 -8.395785537309882329e+01 -8.359844226059917105e+01 -8.336909969138287124e+01
-8.458003947272179346e+01 -8.402921764943739902e+01 -8.425790077517582688e+01 -8.469773678156953167e+01 -8.299024648803955984e+01 -8.425407632136294467e+01 -8.375757174907512592e+01 -8.426099727055292021e+01 -8.378528119629177695e+01 -8.293562063688924013e+01
-8.405454008278411493e+01 -8.376825717382698144e+01 -8.392986728938242891e+01 -8.417368747909998206e+01 -8.376400121069318061e+01 -8.447076305689435571e+01 -8.381356304451202277e+01 -8.426665104414905727e+01 -8.435141800916296972e+01 -8.357962166398922932e+01
-8.450488870050428147e+01 -8.394776844294956675e+01 -8.430237227293521585e+01 -8.417407839173719708e+01 -8.361908561346271540e+01 -8.398320415979989662e+01 -8.356951125619127652e+01 -8.470478476215488683e+01 -8.417463509583447490e+01 -8.390780195503576522e+01
-8.300718225387608129e+01 -8.394322972241710090e+01 -8.438401747038689393e+01 -8.450064755201194089e+01 -8.367517384804170888e+01 -8.386993342684742458e+01 -8.358449684618068432e+01 -8.422489921404380198e+01 -8.356154049388011629e+01 -8.351512546112365953e+01
-8.384429323606734386e+01 -8.316191856352750733e+01 -8.412781943501036608e+01 -8.411533583173408601e+01 -8.383016502730284003e+01 -8.444539755672916215e+01 -8.337642378618870964e+01 -8.466695642984385017e+01 -8.467037569812092102e+01 -8.379105039122116239e+01
-8.350544863958778308e+01 -8.391625171516427883e+01 -8.353072707309928546e+01 -8.382893036531478970e+01 -8.354593282713612723e+01 -8.414434068070130479e+01 -8.402547857720369961e+01 -8.434171619153642041e+01 -8.372803595026373102e+01 -8.313067508796855520e+01
-8.374244604717895868e+01 -8.344004329866356784e+01 -8.444446723459290638e+01 -8.398968464016252256e+01 -8.321406897250503221e+01 -8.473690429845710526e+01 -8.406291571014786257e+01 -8.425897082812097949e+01 -8.386624320020032997e+01 -8.314697111174884014e+01
-8.378216746659229841e+01 -8.368451889734507176e+01 -8.435362317891228656e+01 -8.454757782254240794e+01 -8.362986896283020144e+01 -8.388679945856317488e+01 -8.434188862247017937e+01 -8.403455359051119444e+01 -8.332439894116423318e+01 -8.358740951741930303e+01
-8.385130494015911040e+01 -8.400526045411511689e+01 -8.406365566654299926e+01 -8.486911835984410857e+01 -8.380904801401364068e+01 -8.361719501931759169e+01 -8.397916809847109221e+01 -8.428645778758179574e+01 -8.349567739608902173e+01 -8.374839116493433266e+01
-8.467104265009123765e+01 -8.463579204231588449e+01 -8.431925071970933061e+01 -8.459628280784910714e+01 -8.306009771556000487e+01 -8.430552718630433162e+01 -8.365842304469813939e+01 -8.438139470775163886e+01 -8.360571897006035158e+01 -8.362848506438884044e+01
-8.381137053175667972e+01 -8.393601917212383512e+01 -8.376119948113669977e+01 -8.424521091120915628e+01 -8.329821094104302404e+01 -8.454097147692392866e+01 -8.407745362926652888e+01 -8.441143625873043277e+01 -8.423028391775257262e+01 -8.380631587128397086e+01
-8.424702248275605143e+01 -8.372412159528458631e+01 -8.458012450607229482e+01 -8.423997781568837695e+01 -8.337309761674382003e+01 -8.417206866881613792e+01 -8.391891320107569641e+01 -8.474734668146182059e+01 -8.444986191977928058e+01 -8.341797496775413379e+01
-8.427602201253385772e+01 -8.319850393781445064e+01 -8.373206180358765494e+01 -8.417073022395278770e+01 -8.387129219878175945e+01 -8.405398761700371324e+01 -8.377577871211219929e+01 -8.418978466126374371e+01 -8.402587414558429657e+01 -8.328332966645089641e+01
-8.402952395895442805e+01 -8.429716040659484122e+01 -8.453642320195531568e+01 -8.399256423683097239e+01 -8.380434571752101647e+01 -8.438155462264393236e+01 -8.451441313034072778e+01 -8.421824202405800008e+01 -8.380697891777295183e+01 -8.457061661904613459e+01
-8.411321189003696475e+01 -8.404491683788796763e+01 -8.358292412957692363e+01 -8.483415757070633845e+01 -8.383949195702656709e+01 -8.463361557127522872e+01 -8.450041924900875756e+01 -8.398825937934698516e+01 -8.415135629396219485e+01 -8.357746331179862409e+01
-8.442722563947575054e+01 -8.361144736493410790e+01 -8.379918234657807830e+01 -8.458665477945832833e+01 -8.358294760815103075e+01 -8.407915614116063807e+01 -8.434009658806745335e+01 -8.395200517835426979e+01 -8.397671759465846719e+01 -8.340249135566840266e+01
-8.376622765994358133e+01 -8.353292270634177896e+01 -8.394812972327527234e+01 -8.465265436477451999e+01 -8.391864145492108662e+01 -8.425283522765063537e+01 -8.397504659301490904e+01 -8.439535310561863923e+01 -8.399663435204124085e+01 -8.396643168118308154e+01
-8.358742842339403012e+01 -8.336790197076071252e+01 -8.421036298843495160e+01 -8.449942949589903662e+01 -8.400531906936993209e+01 -8.398263609256110840e+01 -8.418770667190389645e+01 -8.440694828528468463e+01 -8.417257856991164999e+01 -8.334807129671888504e+01
-8.355463037579467311e+01 -8.439746126859000697e+01 -8.420148537764445962e+01 -8.452855343069265359e+01 -8.384721985313672121e+01 -8.467870231666584857e+01 -8.356931783680911963e+01 -8.437857414800619438e+01 -8.401525853520118403e+01 -8.355191981267266499e+01
-8.411960472849966663e+01 -8.443463194696117569e+01 -8.420839089905430797e+01 -8.474864052978992390e+01 -8.368173556193058005e+01 -8.466050361446204420e+01 -8.420402599650252284e+01 -8.381551667299925157e+01 -8.403020148778760756e+01 -8.375488571331726462e+01
-8.440106321504845255e+01 -8.355401558121096173e+01 -8.438948847162822631e+01 -8.398596530787818892e+01 -8.324676867126018465e+01 -8.400332857125151520e+01 -8.398210529981932382e+01 -8.429352448351708915e+01 -8.394679272959587024e+01 -8.367227126564087314e+01
-8.439714628544527386e+01 -8.410304072924603247e+01 -8.441581881401080523e+01 -8.454408372051355514e+01 -8.325387474132827492e+01 -8.448392999271115400e+01 -8.348815038462193172e+01 -8.410306384905240407e+01 -8.318578337371789644e+01 -8.389196623916168960e+01
-8.421297269072344704e+01 -8.282580522440942161e+01 -8.385565891676233718e+01 -8.401746539525679225e+01 -8.360424584854970931e+01 -8.486625182684143454e+01 -8.389621335435839455e+01 -8.393893062867584831e+01 -8.422946342378928364e+01 -8.388403679006130176e+01
-8.439108304961624185e+01 -8.384093869638745389e+01 -8.409376196127186631e+01 -8.507969838232533277e+01 -8.316785730490582296e+01 -8.414424569693802880e+01 -8.392342172902424124e+01 -8.448828818618019909e+01 -8.414140249240884373e+01 -8.380150952577859869e+01
-8.381893125636543118e+01 -8.372587219050284091e+01 -8.423548018544560989e+01 -8.479323581847114610e+01 -8.328063919822422179e+01 -8.428181762294592261e+01 -8.375476724126444594e+01 -8.443912161107667202e+01 -8.360704059398720744e+01 -8.333608907155169732e+01
-8.407481269638805088e+01 -8.368644376888477154e+01 -8.383537073370335690e+01 -8.429987467846994775e+01 -8.353910997766229229e+01 -8.411319700738113170e+01 -8.477624537063957177e+01 -8.458354853611923829e+01 -8.346035347507081781e+01 -8.337470968500107915e+01
-8.403040600543289429e+01 -8.391800451978546960e+01 -8.412249579954058731e+01 -8.419234660209076537e+01 -8.367415942586458755e+01 -8.459344282923728997e+01 -8.421508156436640036e+01 -8.409904688312788323e+01 -8.394095863025748372e+01 -8.280771007940442985e+01
-8.420664750254049125e+01 -8.435807904281186609e+01 -8.417156029287160379e+01 -8.462734693281677778e+01 -8.309761865657337410e+01 -8.429946914942033231e+01 -8.425018652764283900e+01 -8.352593138356050417e+01 -8.385601972210272947e+01 -8.386367172092226951e+01
-8.407367436897925472e+01 -8.358573335667958304e+01 -8.384082013508788123e+01 -8.446219002545045385e+01 -8.356502834205159047e+01 -8.457310827196607761e+01 -8.364654622081157243e+01 -8.382775063908646018e+01 -8.336062390879453687e+01 -8.378765299360188124e+01
-8.320108742024635262e+01 -8.393554623564214978e+01 -8.421441034883942223e+01 -8.416375912229423761e+01 -8.378910970541903680e+01 -8.362086862017392264e+01 -8.436716028036575210e+01 -8.395414298479933279e+01 -8.447593412429903026e+01 -8.366083635770644378e+01
-8.391164942958445749e+01 -8.343688800539125339e+01 -8.343006723335007280e+01 -8.392192882504116369e+01 -8.384312590405326659e+01 -8.473455976236937204e+01 -8.422261181789488660e+01 -8.443341713155297157e+01 -8.428172349323617141e+01 -8.326543150019340089e+01
-8.422584687300667383e+01 -8.357334161611744605e+01 -8.379736021055077799e+01 -8.425777970893301472e+01 -8.317637188190262520e+01 -8.381088806916412182e+01 -8.415159280157263311e+01 -8.438819886152350591e+01 -8.354867197799016765e+01 -8.324551280388045882e+01
-8.416096768772187886e+01 -8.351233090280921090e+01 -8.441641698255540405e+01 -8.462090936438980293e+01 -8.363322018119652057e+01 -8.434840274556290751e+01 -8.423154979680245447e+01 -8.424539315739438905e+01 -8.398907529105974845e+01 -8.348407108412610000e+01
-8.415500546968701201e+01 -8.326554508467964411e+01 -8.436576116796435088e+01 -8.427722500966171992e+01 -8.338672031893366920e+01 -8.456030797903272855e+01 -8.350710624503278723e+01 -8.460507107005086880e+01 -8.399118969927678791e+01 -8.352206959713119261e+01
-8.378267305417506350e+01 -8.397375320972435020e+01 -8.445833212791950473e+01 -8.406386202734869073e+01 -8.323494463286091616e+01 -8.446799425072119050e+01 -8.392398559391432400e+01 -8.370011295112718130e+01 -8.397337649337070786e+01 -8.317425257468894984e+01
-8.351480901050112493e+01 -8.371210759190577733e+01 -8.426443416134347331e+01 -8.435113404718985919e+01 -8.397405181902635718e+01 -8.450626730808770048e+01 -8.341849786273638756e+01 -8.516954657469727863e+01 -8.409237336137583441e+01 -8.304994947983274756e+01
-8.386497540254489991e+01 -8.365825345358287279e+01 -8.470307286557245163e+01 -8.412665921564590121e+01 -8.368100637987970458e+01 -8.430425087227328618e+01 -8.420212459464201515e+01 -8.419910479361348621e+01 -8.327572757489122068e+01 -8.301574536599946441e+01
-8.424048300045336646e+01 -8.365733389328336500e+01 -8.410347558911792021e+01 -8.460221689390938593e+01 -8.359387475332536610e+01 -8.428811527621540733e+01 -8.391069425087397349e+01 -8.393770079202033685e+01 -8.357419097344823911e+01 -8.367788549153210909e+01
-8.433387821286413555e+01 -8.399965303885579715e+01 -8.441853711353194001e+01 -8.400021792995822523e+01 -8.324386761683661007e+01 -8.459340872914995657e+01 -8.392107506919639093e+01 -8.405803088570924331e+01 -8.434640631067914285e+01 -8.333055526456408302e+01
-8.388054111355401687e+01 -8.378723602057002040e+01 -8.429347189560108689e+01 -8.438826614936611747e+01 -8.369050696376497456e+01 -8.435696448639690459e+01 -8.394341112552429252e+01 -8.408984180203913184e+01 -8.427997060520736738e+01 -8.359489092969586466e+01
-8.396897876542549000e+01 -8.390217903545853062e+01 -8.428042486521583498e+01 -8.456626627842373978e+01 -8.326265533233882365e+01 -8.439102288670171959e+01 -8.425796579319482760e+01 -8.372412318174673374e+01 -8.439463739112986218e+01 -8.308117945304800855e+01
-8.398376732258854815e+01 -8.386588954998526901e+01 -8.425605941622113448e+01 -8.445397739556804595e+01 -8.336160901267609802e+01 -8.389067644339672825e+01 -8.426368114993240965e+01 -8.491821041244067203e+01 -8.437878745202853281e+01 -8.359510501671763905e+01
-8.370520963593811814e+01 -8.417880321597618831e+01 -8.377138024427121366e+01 -8.473004560376857341e+01 -8.396131309668139409e+01 -8.430526188956768863e+01 -8.388863947837926105e+01 -8.445831780987599302e+01 -8.399495521804081477e+01 -8.349330966061688741e+01
-8.363598912777140981e+01 -8.314152481158278363e+01 -8.375302404919695221e+01 -8.493802856314685812e+01 -8.340642536485768233e+01 -8.451133958869910145e+01 -8.389974069855477978e+01 -8.431286234363422238e+01 -8.409740330133742248e+01 -8.337803498465034124e+01
-8.437288397506758031e+01 -8.413960727888643021e+01 -8.419314502859317884e+01 -8.423966885116865910e+01 -8.342722742902310529e+01 -8.497729226753594389e+01 -8.441732362038811743e+01 -8.437405359820807860e+01 -8.382046371622628556e+01 -8.321990491826410619e+01
-8.456987696841447644e+01 -8.393560723047812644e+01 -8.419498836845812662e+01 -8.454775687484070090e+01 -8.362849544034688165e+01 -8.471580993049983022e+01 -8.406705447418401889e+01 -8.443681477729099072e+01 -8.375381939300541490e+01 -8.281084489380968705e+01
-8.435334059949133234e+01 -8.355993211356626205e+01 -8.447450401300798717e+01 -8.439332908801037547e+01 -8.276052154355201651e+01 -8.388809163046560968e+01 -8.405809297638259636e+01 -8.409408398839569543e+01 -8.357314686865197473e+01 -8.295641779102409430e+01
-8.395543104418278801e+01 -8.438136616831150150e+01 -8.365916328414625980e+01 -8.387492778135181482e+01 -8.350621787892144710e+01 -8.392280832094911602e+01 -8.414727923956188249e+01 -8.470769255635180173e+01 -8.424104200254872410e+01 -8.370259488536953540e+01
-8.363263807839422270e+01 -8.408379643192108688e+01 -8.437846403871532175e+01 -8.461271213385997214e+01 -8.383581243919117298e+01 -8.436749249797357209e+01 -8.401309583569599226e+01 -8.407361849382549224e+01 -8.359229752877685371e+01 -8.298081803532070921e+01
-8.395251970341634262e+01 -8.366480606699586531e+01 -8.395501210200690423e+01 -8.444633040766545662e+01 -8.340188917316341133e+01 -8.416477365956782819e+01 -8.417638363386130607e+01 -8.422937936977196216e+01 -8.460601966741846525e+01 -8.398551077248251318e+01
