-7.020458990290526913e+01 2.934820413441508791e+01 -7.352264154214773839e+01 -6.800530374698882952e+01 3.577414197138594876e+00 -6.396694571980783905e+01 5.081316096396771798e+01 5.029140062528180977e+01 3.550850965143081339e+01 -5.598050901218569919e+01
-6.994189487536925753e+01 2.841183467529493356e+01 -7.319471393061556341e+01 -6.870198648463995994e+01 3.694356399618371700e+00 -6.428706176151024465e+01 5.095064078473746605e+01 5.123857394136715726e+01 3.613061775154663735e+01 -5.608285574694816944e+01
-7.042102611891711206e+01 2.859065437204821336e+01 -7.286125285194989942e+01 -6.836005001430699224e+01 3.631081834398626640e+00 -6.435055465456714785e+01 5.165368377531810040e+01 5.117380757279170922e+01 3.571714374106888101e+01 -5.598025286294559066e+01
-7.059470119689352430e+01 2.927666531919189552e+01 -7.323494005240004867e+01 -6.821806137989229057e+01 3.442430260723370328e+00 -6.439013647520707195e+01 5.079645557808341749e+01 5.071668546044698900e+01 3.566904957625119010e+01 -5.586360233058708502e+01
-7.065278814141373687e+01 2.922329456385318025e+01 -7.335129247449360435e+01 -6.843715983540171521e+01 3.597172346861085668e+00 -6.429582057282051721e+01 5.093335469345765176e+01 5.119146074505909638e+01 3.532166771492430968e+01 -5.603910350308435540e+01
-7.076356192742781559e+01 2.888160716066483147e+01 -7.273835290392946717e+01 -6.817832115090550360e+01 3.299657032744604201e+00 -6.418430593090609193e+01 5.084309765139816761e+01 5.013948506786973525e+01 3.547714914864460667e+01 -5.614130870602525647e+01
-7.000740229888356225e+01 2.854712645996576725e+01 -7.296376340158263929e+01 -6.926866298111745834e+01 3.958792595886760246e+00 -6.381584096936487782e+01 5.154359923078251882e+01 5.033470347340748674e+01 3.554303865743187174e+01 -5.570187079011363096e+01
-7.043596552829073687e+01 2.903100198232962370e+01 -7.369787090725523626e+01 -6.775331076319569945e+01 3.867033328255986113e+00 -6.462794593561447698e+01 5.070955863803989416e+01 5.091679810323692834e+01 3.618533012003411642e+01 -5.603214046989958774e+01
-7.030528436214544286e+01 2.926170509787204210e+01 -7.328416873568136225e+01 -6.868127719452911606e+01 4.486997276164393256e+00 -6.427884561005120645e+01 5.074856288809318272e+01 5.028562402706857881e+01 3.564306265758847303e+01 -5.596116079319214265e+01
-7.065530116788691828e+01 2.918513142369706515e+01 -7.354517839350685904e+01 -6.874627327897555062e+01 2.908798156681942082e+00 -6.448379098830952216e+01 5.096348288413254579e+01 5.088223950957650032e+01 3.584096470735339324e+01 -5.609492254222280394e+01
-7.036280981723720629e+01 2.876341265764318322e+01 -7.349370539617865461e+01 -6.871612943559902931e+01 2.916450021739160015e+00 -6.411648096914733230e+01 5.104399863507207158e+01 5.172730426188344666e+01 3.614497953264241659e+01 -5.579708363127940629e+01
-7.021221728847518762e+01 2.903000763764283931e+01 -7.330985671371675494e+01 -6.886214978192965930e+01 3.174223423875779382e+00 -6.448148820136391635e+01 5.111253999965726535e+01 5.083405661320528424e+01 3.562979003477197182e+01 -5.537196618501586443e+01
-7.049814286836358690e+01 2.845852065325384572e+01 -7.292938299227350285e+01 -6.786522072532713423e+01 3.626698881770136218e+00 -6.457125842270755811e+01 5.065123446833195686e+01 5.083822388676301074e+01 3.641811075936735165e+01 -5.572701923145082503e+01
-7.061071318269316066e+01 2.977141703052638277e+01 -7.301015288969469452e+01 -6.867607669129222359e+01 3.336509930217707698e+00 -6.465427844756359832e+01 5.103585570088296208e+01 5.071615944406015331e+01 3.591085091830719733e+01 -5.579075509898238039e+01
-7.032901783748241087e+01 2.869755022479468920e+01 -7.344025304074628480e+01 -6.823953959701007932e+01 3.788902376001094474e+00 -6.422692087582743170e+01 5.086254088826832742e+01 5.070836130112267881e+01 3.513490442811684744e+01 -5.609669395753189036e+01
-7.039573189474920412e+01 2.985406234387136948e+01 -7.364155070319003471e+01 -6.850188259103295252e+01 3.665950076899616938e+00 -6.444723517820196435e+01 5.086401266231385421e+01 4.989601829452116277e+01 3.571697588253172739e+01 -5.559561997629343466e+01
-7.008964026115079093e+01 2.934482727962903326e+01 -7.382426200905992175e+01 -6.799161462562730662e+01 3.026002597638459246e+00 -6.430571873821291717e+01 5.076477120086308048e+01 5.099366942687478854e+01 3.577978671546291167e+01 -5.638614290368816029e+01
-7.070505568006899466e+01 2.889148354535273810e+01 -7.289901812189978614e+01 -6.875304225929143342e+01 3.139492658996497099e+00 -6.385206845336006154e+01 5.096096972382724744e+01 5.090424490986725914e+01 3.548874119192799270e+01 -5.573340170888725709e+01
-7.014780656319871355e+01 2.904720177736941622e+01 -7.316505714482731548e+01 -6.899750562406033794e+01 2.864343367550702624e+00 -6.438832341767225387e+01 5.043616934966963328e+01 5.065199399706570205e+01 3.554306255348734567e+01 -5.605587484256279396e+01
-7.058703652953894903e+01 2.937816605089762945e+01 -7.276780620034287494e+01 -6.869148962752291254e+01 3.554566928043439322e+00 -6.448664148500110116e+01 5.108836113558581360e+01 5.110689497193450137e+01 3.539421253314205984e+01 -5.583008709177231310e+01
-7.075854831677582979e+01 2.957734086121227080e+01 -7.349260704968003211e+01 -6.864940345401602428e+01 3.541450503000952210e+00 -6.455872931993140185e+01 5.018962969783282091e+01 5.076015365216040465e+01 3.531534682589096263e+01 -5.597268241368978181e+01
-7.036771263307083757e+01 2.912571984172049255e+01 -7.275173101455119706e+01 -6.821079746180829773e+01 3.840518482730446603e+00 -6.493373033142323436e+01 5.065945038758312791e+01 5.142116867830343097e+01 3.488627783296051632e+01 -5.581282323347329566e+01
-7.066750288241276223e+01 2.893535386754217242e+01 -7.274533086655129921e+01 -6.773187036572949182e+01 3.179161117003716619e+00 -6.455497294558762178e+01 5.092528122395344070e+01 5.100254801445758090e+01 3.579560903981432318e+01 -5.576718701559785529e+01
-7.018738629028744924e+01 2.906505653778711107e+01 -7.348438869859064937e+01 -6.837584721409957922e+01 3.702164137058610471e+00 -6.508849094112777323e+01 5.105337257095916215e+01 5.112666531119429436e+01 3.531481060482303747e+01 -5.579016750331229701e+01
-7.011228370584665015e+01 2.889547942211329357e+01 -7.339311426132474026e+01 -6.839713703533450939e+01 3.547712967244154747e+00 -6.473138321566054287e+01 5.108112196164548635e+01 5.083734712024055824e+01 3.535322479834061937e+01 -5.600742246062579710e+01
-7.060034616822544251e+01 2.933135133667390093e+01 -7.319864345762766789e+01 -6.873401879906251111e+01 3.669798853431326169e+00 -6.434482583354370888e+01 5.130026922991514482e+01 5.089495044336543828e+01 3.530847144703086116e+01 -5.591227990691159988e+01
-6.980859007916610892e+01 2.926200545516286766e+01 -7.326484681507595553e+01 -6.815208928201630556e+01 3.859675440625152554e+00 -6.409936851082792941e+01 5.093093766595336547e+01 5.081001607707337087e+01 3.528889122043392490e+01 -5.567790576851334094e+01
-7.116865393049808119e+01 2.896909599618282627e+01 -7.303477647922075278e+01 -6.883709353905585715e+01 3.564465676430492724e+00 -6.472454882481923732e+01 5.053604210273617525e+01 5.059264076457236570e+01 3.536379265601974708e+01 -5.598091734397573305e+01
-7.061269130613814582e+01 2.896776763885736727e+01 -7.353738385394383670e+01 -6.896379240862317772e+01 3.510222286128981573e+00 -6.471738170780834309e+01 5.097507877263398512e+01 5.094772239488180787e+01 3.528103890840394996e+01 -5.602084756544844879e+01
-7.065891795030486833e+01 2.902758321924054741e+01 -7.303325758171325788e+01 -6.828935155555876690e+01 3.066876977277524841e+00 -6.460554818446007630e+01 5.063551469211700606e+01 5.054707822544228435e+01 3.518962593151459828e+01 -5.599440740851188281e+01
-7.035391742796799974e+01 2.925713539459914259e+01 -7.316268955322750855e+01 -6.894641255297226223e+01 3.596871825967561609e+00 -6.458471633029176928e+01 5.096676924806262576e+01 5.059290174222564218e+01 3.551352595284193825e+01 -5.601986664858081610e+01
-7.020168398498718432e+01 2.952240908303794953e+01 -7.351290607982494407e+01 -6.873547023496497843e+01 3.326621082596162182e+00 -6.429029155646978211e+01 5.083408411320198184e+01 5.121592552480045413e+01 3.577975155000407170e+01 -5.598691034546030920e+01
-7.013639443661639916e+01 2.917486050979868750e+01 -7.310484922456788581e+01 -6.833415622673477685e+01 3.074820126742451531e+00 -6.432384387869490183e+01 5.044001259957971683e+01 5.065257638062329448e+01 3.560477589748999350e+01 -5.626345770786782907e+01
-7.032221298104904861e+01 2.906189043885321510e+01 -7.359752147428251590e+01 -6.782738676595687366e+01 3.254773622245632492e+00 -6.477692770314563120e+01 5.115150734498301688e+01 5.049161129584665275e+01 3.526063948653303015e+01 -5.626604535972418120e+01
-7.050432549470787080e+01 2.933095392926536960e+01 -7.319343368432659247e+01 -6.878325798579584216e+01 3.644792097598609004e+00 -6.422213252842310283e+01 5.104106413322976010e+01 5.151507982175172629e+01 3.578123177292522428e+01 -5.551199782397214477e+01
-6.991667056964021754e+01 2.907248759380112801e+01 -7.304238388286638894e+01 -6.877729382958504800e+01 3.698805815086655180e+00 -6.488490606070453737e+01 5.084830500947925458e+01 5.037053371250166833e+01 3.606517975600512216e+01 -5.571637308713395953e+01
-7.049765497793110569e+01 2.912502181494532749e+01 -7.280086683508808676e+01 -6.863637384553740617e+01 3.677199557974314192e+00 -6.421709208739802932e+01 5.055441058291746259e+01 5.031110147749575390e+01 3.528648847842139702e+01 -5.637784860584260826e+01
-6.992773776671992891e+01 2.883330350487963400e+01 -7.336018587518245226e+01 -6.919559219188714394e+01 3.361437767322896786e+00 -6.401496567892444034e+01 5.070602240743447453e+01 5.084831219176486172e+01 3.579806494052121479e+01 -5.666850235544570324e+01
-7.021559710803076371e+01 2.884870968815213033e+01 -7.322185901263935648e+01 -6.832340552898931207e+01 3.553988513144382466e+00 -6.512729145217964799e+01 5.122939150520829088e+01 5.108631394662211278e+01 3.577144526550288361e+01 -5.622940954141611769e+01
-7.067546779227680531e+01 2.991515343787172654e+01 -7.366968797948517533e+01 -6.841475564538924914e+01 3.676727175371445000e+00 -6.458941765543886504e+01 5.065175720748975152e+01 5.052103382277429944e+01 3.551844117407517842e+01 -5.596474799530338373e+01
-7.019614028186767030e+01 2.917519188140423481e+01 -7.350623350685405910e+01 -6.779412571819969457e+01 3.868130687026905434e+00 -6.474719085861590884e+01 5.092284365656625766e+01 5.095304468633060679e+01 3.534640196479482910e+01 -5.572777511633905334e+01
-7.112678297041533426e+01 2.849570308311868772e+01 -7.284254295896619169e+01 -6.848906560000095567e+01 3.764559841232769877e+00 -6.435355054832379551e+01 5.138967347480406289e+01 5.112664984704166926e+01 3.575484946136748476e+01 -5.553556432692985112e+01
-7.013377247299297323e+01 2.965118193030389904e+01 -7.354908368956401432e+01 -6.869778382026005659e+01 2.942327557833616325e+00 -6.410458165517759710e+01 5.136243505509252572e+01 5.117141466271675654e+01 3.571861646320189010e+01 -5.643339814942648758e+01
-7.036465701584621968e+01 2.878843770038564642e+01 -7.298781867381531185e+01 -6.842601021412708917e+01 3.194526552861178814e+00 -6.437858952185227679e+01 5.083144629688521121e+01 5.031441648598562466e+01 3.576070903256553635e+01 -5.629704999018211709e+01
-6.977681947340234103e+01 2.899378550021591039e+01 -7.294594130249338093e+01 -6.824719160849437571e+01 3.737528733826135596e+00 -6.444585957890888039e+01 5.129912733190084140e+01 5.122208192575170216e+01 3.512683868687630451e+01 -5.646991696348701595e+01
-7.048653552658458921e+01 2.877706722325896749e+01 -7.326351767114218205e+01 -6.818599532772638838e+01 3.312818622812871094e+00 -6.380908558901840166e+01 5.068518961091402986e+01 5.028255775636286273e+01 3.577277999562388544e+01 -5.630596612720081140e+01
-7.036097043407735896e+01 2.874617319818545980e+01 -7.338937271060024159e+01 -6.806318022993542627e+01 3.284397468232624462e+00 -6.500061041435972697e+01 5.091599004844379550e+01 5.049844077137657194e+01 3.576902852217030926e+01 -5.607829570650660855e+01
-7.063011331263645332e+01 2.919040457820828394e+01 -7.354507503391943146e+01 -6.851604263798837735e+01 3.611857946905632666e+00 -6.471229510028827292e+01 5.161245227794815804e+01 5.048479199959196251e+01 3.589410860139879134e+01 -5.611523890874766352e+01
-7.083467399785855889e+01 2.874757258765435353e+01 -7.348758877526702804e+01 -6.860397989424257048e+01 3.578590219873809986e+00 -6.520557691568951952e+01 5.065637871354352484e+01 5.069750055712453474e+01 3.605508586290810058e+01 -5.597841548468266382e+01
-7.070612155839441471e+01 2.885563866828564272e+01 -7.371429593319227536e+01 -6.901447256837762723e+01 3.517579720746220495e+00 -6.490110443278699393e+01 5.146633245707079851e+01 5.102870765660892971e+01 3.550732411977600833e+01 -5.605759069771170999e+01
-7.027094818043615021e+01 2.870322855043491828e+01 -7.313127690524250113e+01 -6.866540490371572503e+01 3.498843622666174547e+00 -6.463172521117930103e+01 5.084816790866072012e+01 5.091002402727374943e+01 3.562418319220874707e+01 -5.636013110282179639e+01
-7.074830052022223015e+01 2.944886077134587055e+01 -7.306553626180267713e+01 -6.870432923784228763e+01 3.365919811395001737e+00 -6.432182613225755574e+01 5.114425380062053250e+01 5.077529702406911838e+01 3.566099284650325529e+01 -5.605452577733695563e+01
-7.034005507519646017e+01 2.952885736889636448e+01 -7.351751517300196781e+01 -6.913917528696383386e+01 3.125222103483721092e+00 -6.500516500094337857e+01 5.097355054755179538e+01 5.089584532592278521e+01 3.601426538449230463e+01 -5.603243564851999281e+01
-7.053985618779985600e+01 2.909089817362053410e+01 -7.289819236386368573e+01 -6.845644077909153680e+01 3.258617806461073574e+00 -6.493192250877447691e+01 5.108343017486128446e+01 5.080442689097480979e+01 3.509686522697450073e+01 -5.590738961458096412e+01
-7.034930011079775625e+01 2.948513980932306922e+01 -7.309783174556709184e+01 -6.839176048358243065e+01 3.533650374012305750e+00 -6.417193107573616828e+01 5.084616013246169075e+01 5.059292679054324537e+01 3.571693161343493017e+01 -5.601456415108302878e+01
-7.018798892951920720e+01 2.919116820824393344e+01 -7.328502379504810449e+01 -6.843725262990965064e+01 3.752377088505163272e+00 -6.539827137897286491e+01 5.071348604903580792e+01 5.109448584084609735e+01 3.607829363445973314e+01 -5.589877502933598663e+01
-6.985544765835946635e+01 2.905190276095037660e+01 -7.364246633513103291e+01 -6.824325001216141118e+01 3.237436606715808463e+00 -6.514899191217642738e+01 5.069770989177347786e+01 5.123237752482909002e+01 3.514221593016949186e+01 -5.669807920645241239e+01
-7.047396531175496648e+01 2.933533391702231796e+01 -7.298969693963356065e+01 -6.890958408843887639e+01 3.381141345306223567e+00 -6.449373429625670440e+01 5.083907904712548742e+01 5.093719039852457797e+01 3.568124220438186711e+01 -5.566461018094748425e+01
-7.014284629365252499e+01 2.889070099612568043e+01 -7.325753499468524410e+01 -6.845864646947377707e+01 3.141462439378642557e+00 -6.434588908874003721e+01 5.062865018477695145e+01 5.083085881598339029e+01 3.555896747099585298e+01 -5.656810058220052895e+01
-7.037062947443523342e+01 2.864342469527979063e+01 -7.274647529084985820e+01 -6.850997639224887337e+01 3.190896806881248882e+00 -6.456039205963823235e+01 5.093857222621363690e+01 5.074537502126707977e+01 3.583852357633487173e+01 -5.597849851169402058e+01
-7.020652880218241876e+01 2.881178718946140904e+01 -7.317971166802242067e+01 -6.920506144849629493e+01 3.201060820530006179e+00 -6.512517485284034535e+01 5.150033656281816974e+01 5.083666632632613158e+01 3.603265503509479828e+01 -5.627815958480840663e+01
-7.048566653535429793e+01 2.894401672525699354e+01 -7.362272671316800654e+01 -6.835432452132370429e+01 4.094252613977515054e+00 -6.446083365630384776e+01 5.073241829076442855e+01 5.121667546853683461e+01 3.573303587743885856e+01 -5.553780725917417982e+01
-7.072396214430635553e+01 2.916662495239944519e+01 -7.242943335640218550e+01 -6.854220503222148864e+01 2.893417518316820480e+00 -6.430118008155422160e+01 5.067650747694250413e+01 5.081152167634287053e+01 3.595196745295863394e+01 -5.566075115548068908e+01
-7.034800429110859454e+01 2.946347822293665075e+01 -7.411165100941802564e+01 -6.866794548394489084e+01 3.874498986524693489e+00 -6.415028520800952094e+01 5.104925291967849432e+01 5.089029314709462426e+01 3.548992166065313114e+01 -5.560669462571865296e+01
-7.099697458498670244e+01 2.899525160791844058e+01 -7.319786781424542710e+01 -6.901033675221511032e+01 3.535445706160562196e+00 -6.462224992067716300e+01 5.121047669539549929e+01 5.102682334906432260e+01 3.563730054094792621e+01 -5.588668618788974385e+01
-7.029407571680185640e+01 2.943052576338308768e+01 -7.316365729389066530e+01 -6.860372490174431448e+01 3.702541955684335750e+00 -6.489095504290885685e+01 5.117447990153514326e+01 5.098030079647778479e+01 3.583119695465033061e+01 -5.554185401044760795e+01
-7.077604759253935640e+01 2.863091001915406153e+01 -7.378289759853568341e+01 -6.814787320336154153e+01 3.842522899923904500e+00 -6.440713389685173240e+01 5.028969230453770933e+01 5.060098913340655002e+01 3.539362843741688636e+01 -5.619045642809926733e+01
-7.067651220345946683e+01 2.946782250961934579e+01 -7.305824081738332154e+01 -6.822470601745536101e+01 2.985485636100907669e+00 -6.453990226193941737e+01 5.125184356298123589e+01 5.096873239707353065e+01 3.606304095922378394e+01 -5.581551627413293204e+01
-7.060959685902219007e+01 2.911734281906901955e+01 -7.318749878537740017e+01 -6.823317516744202749e+01 3.324198469246824494e+00 -6.496644259830732437e+01 5.139694566476872239e+01 5.059606428211665019e+01 3.517797517930446105e+01 -5.667829700427278539e+01
-7.075912272224670119e+01 2.958671990105182559e+01 -7.326480400673007409e+01 -6.866624780090079128e+01 3.778921399379532975e+00 -6.508382377090767079e+01 5.070645083430145661e+01 5.089752382395185748e+01 3.549770726974224999e+01 -5.575582329442987373e+01
-7.035874931194931037e+01 2.868503508206702080e+01 -7.318309973762593756e+01 -6.827596873271527045e+01 3.490733370319774931e+00 -6.466553506492235215e+01 5.105977798697768577e+01 5.121870556235614202e+01 3.565106065222928322e+01 -5.622157906662813076e+01
-7.072976713712834851e+01 2.910535552479536392e+01 -7.290917624701580735e+01 -6.846323633840550826e+01 3.345877068686360811e+00 -6.487411166808129792e+01 5.084965154212706295e+01 5.150561026016043797e+01 3.523904697201670189e+01 -5.587634988605589825e+01
-7.066046654172630781e+01 2.936459148841414191e+01 -7.362515521953221764e+01 -6.896283417791239856e+01 4.021366082885940330e+00 -6.502364884818705093e+01 5.110915217483182005e+01 5.091430162425721306e+01 3.529082563135806794e+01 -5.656648292654968202e+01
-7.043754392646908968e+01 2.900006166310539868e+01 -7.338396102498185769e+01 -6.875872605655436587e+01 3.297704940000665719e+00 -6.458703771037858132e+01 5.096171167268650493e+01 5.029107115563768104e+01 3.614608940856873431e+01 -5.590664103054773193e+01
-7.053261866012343262e+01 2.889630022166732815e+01 -7.316319017627897381e+01 -6.865677580963152593e+01 3.234589941887014319e+00 -6.401729698498083110e+01 5.040357732415996850e+01 5.084783296419580978e+01 3.518530098082619162e+01 -5.586081161851905108e+01
-7.051899843621298203e+01 2.891230720488545813e+01 -7.318003124211040245e+01 -6.835843939094712596e+01 3.511473941381845432e+00 -6.414290353813883883e+01 5.071451383527549694e+01 5.092097156389080226e+01 3.567944358565795682e+01 -5.607985330707876415e+01
-7.079473637591597424e+01 2.924931445815900233e+01 -7.325586818726554839e+01 -6.867420751580922911e+01 2.742905712412631480e+00 -6.442392080958636313e+01 5.081910372840766854e+01 5.083546751371819283e+01 3.586148174725467896e+01 -5.578575884112814265e+01
-7.058559991874152217e+01 2.844520667462724717e+01 -7.306105674764280877e+01 -6.845529193398758139e+01 3.260833023452579305e+00 -6.438815833734969374e+01 5.141138590726991708e+01 5.079941812044061322e+01 3.573347734023307254e+01 -5.579687852580644147e+01
-7.042375930438549858e+01 2.894002743401118849e+01 -7.341396062573745951e+01 -6.911495868407264709e+01 3.459111292686531058e+00 -6.474638230742485234e+01 5.063671389942134482e+01 5.028118830800593031e+01 3.581751457304001462e+01 -5.639370009662025751e+01
-7.070531414116260294e+01 2.914378180320359135e+01 -7.313095397551009569e+01 -6.876094203783752334e+01 3.665153398788749683e+00 -6.465593030285668874e+01 5.119215427398492579e+01 5.089784392520636658e+01 3.582375585157659970e+01 -5.587964592480005166e+01
-6.996155512599732162e+01 2.902329846809764291e+01 -7.332121495980264569e+01 -6.857892376871795648e+01 3.601852897980404755e+00 -6.426188334893740262e+01 5.093316115389876586e+01 5.113856795158009305e+01 3.506952177555071160e+01 -5.600992355603591477e+01
-7.087666660651215977e+01 2.873062325925763005e+01 -7.381374082333003628e+01 -6.870030079611245810e+01 3.333937845764165964e+00 -6.466414554111926805e+01 5.115960641956996824e+01 5.109470353169885470e+01 3.539474583484353332e+01 -5.630309202455799067e+01
-7.078786337687316177e+01 2.900725578445608832e+01 -7.337954174993744516e+01 -6.899220015100671333e+01 3.504901265301058277e+00 -6.493322156894315356e+01 5.036532721432306658e+01 5.051910078652144875e+01 3.531097364257421134e+01 -5.625404247909323630e+01
-7.019726540799945269e+01 2.891213052594951449e+01 -7.322896689149636984e+01 -6.800922321621827393e+01 3.502077925177503825e+00 -6.484482766359153061e+01 5.113979771980945799e+01 5.069472776034058370e+01 3.535276391543455077e+01 -5.580852325236547529e+01
-7.025314903146282575e+01 2.926501556576710783e+01 -7.352705565886192574e+01 -6.924679670683241284e+01 4.302056878364123982e+00 -6.459179260233185005e+01 5.096118479769407372e+01 5.035918244810483202e+01 3.580097922902783125e+01 -5.591019102293944343e+01
-6.983292915203514895e+01 2.880448792109910272e+01 -7.349717711175929935e+01 -6.869177007422729275e+01 3.639536526672676242e+00 -6.456279748639163074e+01 5.066944884290344930e+01 5.140678429098134217e+01 3.553444078920497873e+01 -5.610308269455780561e+01
-7.109314325458453254e+01 2.921097769019181811e+01 -7.311201172134424553e+01 -6.872374483918177646e+01 2.481573489022911971e+00 -6.477231023196323179e+01 5.115269122970150306e+01 5.073978021170208308e+01 3.566750479871347324e+01 -5.566874671972132660e+01
-7.018414659731924132e+01 2.938499289792372338e+01 -7.300336225930536216e+01 -6.781973924165740186e+01 3.419481745086129010e+00 -6.442232577569059515e+01 5.090847933383020774e+01 5.080215332917970272e+01 3.568016108795636399e+01 -5.582837124333650536e+01
-7.024267054990313852e+01 2.876028120658781617e+01 -7.298805316374517815e+01 -6.792214207922779678e+01 3.616429465298043322e+00 -6.430092029923366681e+01 5.057879883881349059e+01 5.055870540944878400e+01 3.577020238155525789e+01 -5.599618139052279986e+01
-7.044382957962257308e+01 2.945385431226987549e+01 -7.301711388923013146e+01 -6.860509884335573361e+01 3.341466695772348228e+00 -6.442830264774080717e+01 5.055678392983658398e+01 5.072539580505393531e+01 3.556632902868984303e+01 -5.585363055529865761e+01
-7.042090850708055427e+01 2.898040170373442947e+01 -7.327017997125244619e+01 -6.891071429319522679e+01 3.425430639950179490e+00 -6.509832874425721627e+01 5.054283371212871145e+01 5.097696214203854481e+01 3.603489599240236174e+01 -5.529370449590983583e+01
-7.088045561840272057e+01 2.915454823371992177e+01 -7.319302640455438791e+01 -6.861685651993221313e+01 3.543729553141897970e+00 -6.410175531398421356e+01 5.054533253594879483e+01 5.087564225606315915e+01 3.605035307299493041e+01 -5.619089496138671791e+01
-7.054739287860067520e+01 2.926126404174163653e+01 -7.330592645654955675e+01 -6.895150809006510428e+01 3.684790474695979867e+00 -6.471315295510845544e+01 5.124460934238692289e+01 5.006935937797457825e+01 3.543856071356231752e+01 -5.637866218410641750e+01
-7.031424800805605457e+01 2.914256950466061369e+01 -7.291245069265995937e+01 -6.835227366881446187e+01 3.533588753695667162e+00 -6.440998602007188367e+01 5.091792855187736677e+01 5.062148116054769531e+01 3.557124287898759718e+01 -5.617531146679876031e+01
-7.033991356179068077e+01 2.959541901481054538e+01 -7.304981644278782937e+01 -6.880214637388301924e+01 3.301455409884889391e+00 -6.387851118659620653e+01 5.128028313330569432e+01 5.045536981681935629e+01 3.533896151762874638e+01 -5.566520536203164937e+01
-7.049561817887875748e+01 2.905193792394046071e+01 -7.310889076364972539e+01 -6.860220958412037362e+01 3.168499016146000713e+00 -6.473251711410341613e+01 5.029118688327323383e+01 5.103510899266215972e+01 3.566590419823674551e+01 -5.628198455145252410e+01
-7.038560957246866678e+01 2.894199396353062781e+01 -7.335629942428100492e+01 -6.875265339650206897e+01 3.439509375265717761e+00 -6.461344439825127495e+01 5.064869197961259317e+01 5.076480280455187710e+01 3.576586523979324994e+01 -5.581967354223858990e+01
-7.041778709417263826e+01 2.893231202395824297e+01 -7.368642420926167347e+01 -6.824051498990267817e+01 3.536318941708054275e+00 -6.443370708848044615e+01 5.127316000367103044e+01 5.088468294251461543e+01 3.531754010048004488e+01 -5.611496843026911563e+01
-7.063634800175263706e+01 2.933038550852432991e+01 -7.255742194460091810e+01 -6.839944061490659521e+01 3.721665874868648416e+00 -6.458495394715521343e+01 5.101184042564925392e+01 5.057612380130854746e+01 3.494889578011769515e+01 -5.606048314028014090e+01
-7.041884826856224322e+01 2.942739487369270890e+01 -7.311074556470771313e+01 -6.839976751176182290e+01 3.008107236772375792e+00 -6.396264224108555396e+01 5.063390815833431446e+01 5.135323329554566385e+01 3.535571454064861996e+01 -5.633801387272414019e+01
-7.034525056519281350e+01 2.943085639696658973e+01 -7.317226725729518932e+01 -6.803717619971638442e+01 3.389421951062144167e+00 -6.479453694566045385e+01 5.116337118168947740e+01 5.063643066583642138e+01 3.548021302418683121e+01 -5.602776210477961172e+01
-7.111306025437068001e+01 2.862515292521430155e+01 -7.351175755906639608e+01 -6.865305535435275885e+01 3.507629918589656448e+00 -6.463223768301340044e+01 5.111689935211804681e+01 5.051997351229166355e+01 3.531306589506117177e+01 -5.557007944185615855e+01
-7.061090103088881165e+01 2.909852180144766720e+01 -7.379806897672160915e+01 -6.817441700371956870e+01 3.706998063171452529e+00 -6.490878210300992635e+01 5.087891364901023650e+01 5.024948062387749559e+01 3.525216430981801352e+01 -5.594318037803612498e+01
-7.020042684131681199e+01 2.904995721971121014e+01 -7.334337434699544644e+01 -6.899890819626116922e+01 3.271271573740607952e+00 -6.458344132780609925e+01 5.107900445808861178e+01 5.149792368959607103e+01 3.638761404795270948e+01 -5.581441983406126894e+01
-7.061483159245302943e+01 2.914803753114793849e+01 -7.279547834837129017e+01 -6.852637419412435804e+01 3.347147905961500136e+00 -6.492617165390532818e+01 5.134198750128835087e+01 5.066925594350800566e+01 3.524843239045425491e+01 -5.574261349574572932e+01
-7.073015993105929056e+01 2.905892895065528236e+01 -7.288630348674773529e+01 -6.820258712694590031e+01 2.951537386441767552e+00 -6.476484654517894057e+01 5.089304055314299546e+01 5.131585123975452944e+01 3.543424883561493743e+01 -5.639892852110863686e+01
-7.066930204063689303e+01 2.876452478590778483e+01 -7.327433510895455981e+01 -6.840142497135506972e+01 3.474859922471725149e+00 -6.423289001185182201e+01 5.089132007468990793e+01 5.131956576903512968e+01 3.607481215496454752e+01 -5.606235288538280770e+01
-7.050458298856563033e+01 2.911557663187847922e+01 -7.302099321655884978e+01 -6.807722314074564451e+01 3.059351707362281125e+00 -6.476231483132586675e+01 5.039008429074852558e+01 5.060004443971392618e+01 3.549138079054110761e+01 -5.601143917393466864e+01
-7.017288685421691241e+01 2.925409289067113860e+01 -7.308563200132985571e+01 -6.852251346363880202e+01 3.705125561679623480e+00 -6.456282216075403824e+01 5.133434152623421198e+01 5.047168078254791368e+01 3.588771199722201999e+01 -5.619655856946170047e+01
-7.065652103630523584e+01 2.918196824981831128e+01 -7.317938468399862018e+01 -6.859452665690861295e+01 3.355260493595116689e+00 -6.427572729008579699e+01 5.101569854344074884e+01 5.110326170340557184e+01 3.597965241381285750e+01 -5.647980867425154372e+01
-7.073510586545357626e+01 2.916767625097896754e+01 -7.350813930929457740e+01 -6.860943471817699901e+01 3.453380195836375677e+00 -6.487306512401499958e+01 5.102439528664557855e+01 5.095058208765387775e+01 3.552792148159493024e+01 -5.608377533943855298e+01
-7.010741858617072353e+01 2.886965869019299546e+01 -7.281233768651028981e+01 -6.903075204167325296e+01 3.519898783655251329e+00 -6.428607762601637887e+01 5.093130997127112636e+01 5.098651630175535132e+01 3.525684990870312419e+01 -5.595698878229644180e+01
-7.004809412528722135e+01 2.930362915945696045e+01 -7.310527014861948203e+01 -6.857393460538604302e+01 3.562595651292975063e+00 -6.447842445594304195e+01 5.042495491270511820e+01 5.106245773351654549e+01 3.609411534258207155e+01 -5.581780622440981432e+01
-7.059006164617923673e+01 2.822313890578871920e+01 -7.325693955648046085e+01 -6.859193828135795457e+01 3.931317096902612551e+00 -6.437321218753895380e+01 5.086271377260597859e+01 5.100242285899048511e+01 3.543802085632252385e+01 -5.570483866698574360e+01
-7.001895292355831657e+01 2.886549105127331671e+01 -7.286351923005959463e+01 -6.838580269180363302e+01 3.701264074286762185e+00 -6.464662847660309808e+01 5.034003075751439127e+01 5.131241591813255809e+01 3.499699446809040637e+01 -5.618830575194888155e+01
-7.055876095248623869e+01 2.938568865094071469e+01 -7.368299327429268430e+01 -6.840945511212385099e+01 3.004337482962118333e+00 -6.447532532919936443e+01 5.087465132836491222e+01 5.087242919973780886e+01 3.588569350295967553e+01 -5.613613541327317336e+01
-7.003947706935788631e+01 2.900357472421119098e+01 -7.296124020818449196e+01 -6.872122504795392217e+01 3.275172574375750489e+00 -6.455162171884116162e+01 5.118948016803634005e+01 5.033817577458668069e+01 3.507662355406650789e+01 -5.600779761398704437e+01
-7.045662790973435108e+01 2.923909454733195545e+01 -7.359668927069063216e+01 -6.834348733546850951e+01 3.853821107345492880e+00 -6.464085557423766204e+01 5.156078521207741261e+01 5.089026269957961546e+01 3.654094390910991308e+01 -5.591264612293756642e+01
-7.022859980139182312e+01 2.927612526868528064e+01 -7.301678955989119402e+01 -6.876380251070881400e+01 3.241234301742736967e+00 -6.421042151459658953e+01 5.118075047631597840e+01 5.056291755061227633e+01 3.551643867056984050e+01 -5.587088349484555749e+01
-7.049024680321129210e+01 2.973106015086204934e+01 -7.322957122369952287e+01 -6.871806440237983793e+01 2.872824223527372212e+00 -6.486729851369639732e+01 5.057559825664114328e+01 5.034885448369833227e+01 3.583671208988175039e+01 -5.632433273324424050e+01
-7.016538720121980077e+01 2.891879810887493818e+01 -7.264910691808562149e+01 -6.791993520355435976e+01 3.682938034144285666e+00 -6.410965657566922005e+01 5.096478911877787965e+01 5.070526487550755235e+01 3.533748454853566301e+01 -5.560160679429049679e+01
-7.067873071597989565e+01 2.960897174832389922e+01 -7.313908166219417240e+01 -6.848155785596152612e+01 2.997425725469444746e+00 -6.388633825476805583e+01 5.073654670896894459e+01 5.041470954415741090e+01 3.499393802637442974e+01 -5.617690274438280085e+01
-7.027926125623523035e+01 2.877704123278107318e+01 -7.313009415423559290e+01 -6.852077550683925722e+01 3.512686945643493708e+00 -6.442157548872808093e+01 5.116512334885667457e+01 5.063539545839532252e+01 3.561100152412126363e+01 -5.594658123593679022e+01
-7.066916012097546229e+01 2.912404007147143403e+01 -7.339909486400171090e+01 -6.824447738642591332e+01 3.842236065823258162e+00 -6.480252375707036094e+01 5.089706316896744909e+01 5.110692687669195067e+01 3.553772193589729511e+01 -5.605056339301827251e+01
-7.032058155170527414e+01 2.931125330318006661e+01 -7.330954451305949249e+01 -6.849999239845659815e+01 3.270180933962257619e+00 -6.426943812705438575e+01 5.082707554113463999e+01 5.090918526488909635e+01 3.584669304826043401e+01 -5.575911388172227134e+01
-7.110719052152259678e+01 2.894326716767874785e+01 -7.285894046396676060e+01 -6.867214691742994148e+01 3.302845605574990628e+00 -6.437776091312170479e+01 5.123756439352329295e+01 5.045137433049660558e+01 3.580495859333834829e+01 -5.593539277748435268e+01
-7.067362334155437509e+01 2.886256095766290741e+01 -7.326381988813605517e+01 -6.774370342331202721e+01 3.439426769808803908e+00 -6.368086396541922767e+01 5.168723545121486751e+01 5.055561827830986488e+01 3.602332088941468413e+01 -5.596399835731022421e+01
-6.994634479694909146e+01 2.919082699260570735e+01 -7.370731348583066733e+01 -6.817927864326583176e+01 2.864606768697405936e+00 -6.459269109808856513e+01 5.090185456619109772e+01 5.091624682259718071e+01 3.581279491215569522e+01 -5.632151260479530919e+01
-7.016987471450117653e+01 2.929383470164884073e+01 -7.350163046046567672e+01 -6.894712649961458339e+01 3.698571004839349641e+00 -6.444274243387566514e+01 5.079261500592633638e+01 5.034693899906454106e+01 3.596198092501269628e+01 -5.646637694654207706e+01
-7.092919400482573167e+01 2.961241719816310081e+01 -7.333470966775114164e+01 -6.808116750949881180e+01 3.770443052398267270e+00 -6.409492051572230764e+01 5.098134177290345548e+01 5.010651528873470539e+01 3.572311197117507930e+01 -5.538443783747280236e+01
-7.010064331404997517e+01 2.863883289694044976e+01 -7.326826139377524783e+01 -6.832607870012971318e+01 3.510067553710530142e+00 -6.413519226513935223e+01 5.087430355580866603e+01 5.083175429354548669e+01 3.622190250623523156e+01 -5.604599827598659090e+01
-7.040835971756443712e+01 2.929293879398701961e+01 -7.361415333861579313e+01 -6.860514850068679493e+01 3.445468319322515960e+00 -6.373555727709481999e+01 5.054249010336099701e+01 5.077873377720214165e+01 3.555564286059706802e+01 -5.637943752180046175e+01
-7.077358357704945035e+01 2.923186151660509324e+01 -7.293420435822396541e+01 -6.845909001192863741e+01 3.494676290380101857e+00 -6.464989814381152655e+01 5.081392850930165395e+01 5.090958553965391786e+01 3.506719289742299139e+01 -5.597669603888811451e+01
-7.052899136765705634e+01 2.914401935468286453e+01 -7.334541742260962849e+01 -6.857591574607354801e+01 3.738682744765589927e+00 -6.410595243776046459e+01 5.103279215006438818e+01 5.064519767055603694e+01 3.506401821410718611e+01 -5.538369175816764312e+01
-7.041408576489806137e+01 2.863041908622332343e+01 -7.288255964665498254e+01 -6.890145367206336857e+01 3.842879800285520897e+00 -6.431935831614507038e+01 5.124430798248225472e+01 5.045298069965062382e+01 3.504293305196307529e+01 -5.598233634459352714e+01
-7.087599193878044446e+01 2.989763584958292952e+01 -7.335070174627750816e+01 -6.864028105751688713e+01 3.293526024000402064e+00 -6.486801091098674021e+01 5.055476065536669950e+01 5.104816708838242079e+01 3.534297738287210677e+01 -5.587813205720285481e+01
-7.072524244508052504e+01 2.948290550773496221e+01 -7.361607843668309670e+01 -6.811822471461321982e+01 3.202922660325886461e+00 -6.440361083692101829e+01 5.129661346494530960e+01 5.083795483702616025e+01 3.618060780022788947e+01 -5.589107150499082621e+01
-7.040333006975379249e+01 2.916877276336853342e+01 -7.302924285149015304e+01 -6.818492512839530661e+01 3.472481283453239254e+00 -6.452641678075131892e+01 5.130828197897651677e+01 5.144160392643117063e+01 3.575463329620678365e+01 -5.588107875900930566e+01
-7.088322143936893838e+01 2.951370799668417888e+01 -7.329959702031885627e+01 -6.858787642010615571e+01 3.291519518122659527e+00 -6.481583418919633743e+01 5.052770706098701936e+01 5.022287512583625357e+01 3.626913603131026775e+01 -5.588535201392432583e+01
-7.037396900738173144e+01 2.938640931947801604e+01 -7.337726151531676066e+01 -6.842794065923135349e+01 4.121599536648361983e+00 -6.466246818290707665e+01 5.057183417775888756e+01 5.107307069327067950e+01 3.553716394186960059e+01 -5.626281752757474663e+01
-7.075316133736674828e+01 2.859629986920657885e+01 -7.421473956453502296e+01 -6.852266406327640880e+01 3.380226239575261804e+00 -6.510426715447606227e+01 5.137613103202743048e+01 5.036279530006429184e+01 3.565054807823099736e+01 -5.544729696772181171e+01
-7.022125817469766673e+01 2.888329421336063874e+01 -7.309991111996195912e+01 -6.815740929402029735e+01 3.556793218726261863e+00 -6.453611481880528800e+01 5.110848715837759215e+01 5.083349329014750140e+01 3.520688298327541332e+01 -5.575743967065582041e+01
-7.043161692703773724e+01 2.889408907052082398e+01 -7.306164026630274577e+01 -6.869136967337692568e+01 3.582995530253756389e+00 -6.450841944337328471e+01 5.058472184234481261e+01 5.065011623136179963e+01 3.606006590362472508e+01 -5.613861273217763426e+01
-7.086836326799493690e+01 2.919562784266244293e+01 -7.288290511469062949e+01 -6.865123064129805641e+01 3.141712066471406217e+00 -6.460950735947427859e+01 5.091464268577401242e+01 5.097450144461655697e+01 3.596164337224571028e+01 -5.673081905913250722e+01
-7.029335668414891813e+01 2.914617430515962937e+01 -7.312138569188235238e+01 -6.815628768309450436e+01 3.725318550917702254e+00 -6.480291591694739850e+01 5.109089916530783171e+01 5.128644799454376368e+01 3.558143999178922456e+01 -5.657498277133924347e+01
-7.041215003844497744e+01 2.913605522475138443e+01 -7.332998507854503600e+01 -6.831006034260465754e+01 3.580748566377542907e+00 -6.451281571157457506e+01 5.109559831466766866e+01 5.076622674354717191e+01 3.586886145783595481e+01 -5.568021270527751909e+01
-7.072579373048422724e+01 2.927654166970007665e+01 -7.350044346680206786e+01 -6.861579896672830614e+01 3.191692273773540922e+00 -6.517874153544201477e+01 5.080676683278554151e+01 5.062294689278171234e+01 3.601654364648798889e+01 -5.619116231450093579e+01
-7.056150328651457926e+01 2.916446732672060804e+01 -7.324934620604187785e+01 -6.830499795114046435e+01 4.102170261184829414e+00 -6.480540432832501097e+01 5.115565226119947795e+01 5.075786974723580869e+01 3.528398132243468410e+01 -5.635425317027046077e+01
-7.045548740787383224e+01 2.860523501308768601e+01 -7.327301075216158210e+01 -6.864836152105210942e+01 3.920992196025426146e+00 -6.482849779935212098e+01 5.060997983242738485e+01 5.084363364145575304e+01 3.561708497384540095e+01 -5.601170677687395028e+01
-7.010871128001708996e+01 2.905620217064508992e+01 -7.340446456104274375e+01 -6.863253987013953861e+01 2.931437556844013859e+00 -6.482453281464617589e+01 5.104225283889135767e+01 5.060276481978629448e+01 3.592985186979214518e+01 -5.622707644092096757e+01
-7.074268556703943034e+01 2.929047845205220568e+01 -7.318928267323244086e+01 -6.881758453035783418e+01 2.989440963312215871e+00 -6.441474021595955435e+01 5.093554784535809432e+01 5.098793401684082482e+01 3.527965116385367850e+01 -5.644615517032706720e+01
-7.094041512123378368e+01 2.971113028617325114e+01 -7.286146128144527268e+01 -6.856717470985236673e+01 3.467206592813063093e+00 -6.411624037881897209e+01 5.087024029667600900e+01 5.104745979875246320e+01 3.491604651492568934e+01 -5.681742732889234304e+01
-7.061682352880139035e+01 2.896324297506513545e+01 -7.313099140745164561e+01 -6.805961630470575585e+01 3.978679356459028149e+00 -6.453031489337831772e+01 5.080653250918941666e+01 5.054149164893688351e+01 3.554513389730411177e+01 -5.585981150246475124e+01
-7.084441849123156487e+01 2.931813405672127715e+01 -7.339739412726902401e+01 -6.824487586405356865e+01 3.602222108006132295e+00 -6.394383191733961525e+01 5.105953766927773074e+01 4.990305315186470381e+01 3.620784148444339223e+01 -5.600619013205261609e+01
-7.055536356191934999e+01 2.929566337399266018e+01 -7.278888048927959176e+01 -6.854423045828106353e+01 3.862447099320997168e+00 -6.431016651932372952e+01 5.052295201963935511e+01 5.056303197641440761e+01 3.524960991592813286e+01 -5.578119023959128953e+01
-7.050633457795483139e+01 2.883967468673214185e+01 -7.312166971198816157e+01 -6.852779130114701900e+01 3.640675865297271052e+00 -6.466765919849792965e+01 5.105498409943201210e+01 5.084118632258786619e+01 3.583642779629562369e+01 -5.637102542692150564e+01
-7.050390173880316524e+01 2.893370613504986011e+01 -7.327469420409795475e+01 -6.801393819279886088e+01 3.793063493937423036e+00 -6.467670887387296830e+01 5.129970210764015803e+01 5.075272118326683568e+01 3.601231706296141510e+01 -5.582822695223823928e+01
-7.016758123387558044e+01 2.994508679572796694e+01 -7.302314291089946607e+01 -6.830428925602960533e+01 3.771827546753224070e+00 -6.476368747236249135e+01 5.014428432852342610e+01 5.060315160185910344e+01 3.564291068300671128e+01 -5.591860921469897505e+01
-7.097452879860875896e+01 2.871422260621527300e+01 -7.351048458972789490e+01 -6.921651355246440573e+01 3.023709150118109257e+00 -6.461561850358043557e+01 5.102760078125608345e+01 5.118485439645416335e+01 3.596135182764693639e+01 -5.649614311905438768e+01
-7.030890889176943404e+01 2.964040259697299362e+01 -7.345340653959596011e+01 -6.813890471606441679e+01 3.809679484807341865e+00 -6.469870422928315179e+01 5.094329479960705243e+01 5.065444791506926236e+01 3.610477849472647449e+01 -5.551261954317100589e+01
-7.100744341910879598e+01 2.899634554855526503e+01 -7.355911969763700142e+01 -6.893661752728657177e+01 3.633655257210109291e+00 -6.473152483891911402e+01 5.041862830247285387e+01 5.137809332358249037e+01 3.545810408217798226e+01 -5.621680690647242784e+01
-7.012299593041095136e+01 2.924628840712886557e+01 -7.335190439697413467e+01 -6.914279120125570444e+01 3.815229153568282072e+00 -6.446522744579792175e+01 5.064493768988201339e+01 5.081931810696860907e+01 3.545883885541660874e+01 -5.600308321270912870e+01
-7.079462050188821820e+01 2.860842215239571829e+01 -7.307316680072412396e+01 -6.802031148579983721e+01 3.740422688058301581e+00 -6.402392768663870015e+01 5.080632584855295875e+01 5.102451763818486796e+01 3.498959982200524621e+01 -5.601607850173454750e+01
-7.085516455719465512e+01 2.942460550675455266e+01 -7.358126925895750503e+01 -6.898348443765479487e+01 3.696866323095241214e+00 -6.444735712544751038e+01 5.079640952119118680e+01 5.056700551587634607e+01 3.524188260670538142e+01 -5.592680879157273210e+01
-7.033715213486955520e+01 2.919125588550092232e+01 -7.310083104907536722e+01 -6.805195662970847081e+01 3.362653530387540446e+00 -6.484398720242072045e+01 5.112986718069743830e+01 5.083868406948280239e+01 3.594074025412189144e+01 -5.608101585773729880e+01
-7.029545251472296741e+01 2.917216928933729037e+01 -7.309560912014447354e+01 -6.825309913812787954e+01 3.091145220138526550e+00 -6.466852472373085448e+01 5.115265135440702693e+01 5.051972105714271066e+01 3.547089122771351555e+01 -5.591056295900346385e+01
-7.033091042321414932e+01 2.954470487851053662e+01 -7.349136967246369068e+01 -6.846997842780112364e+01 3.741838770739048137e+00 -6.436165652539152404e+01 5.107661561203065048e+01 5.073886592977884646e+01 3.551922675999839640e+01 -5.645631179435652314e+01
-7.053621999128158393e+01 2.922832679053321669e+01 -7.410692974381568376e+01 -6.856275134569398233e+01 3.250861764722658975e+00 -6.474709375441749160e+01 5.118295391762076463e+01 5.069229792750502384e+01 3.569037947751287732e+01 -5.589114376484864266e+01
-7.082836310297007287e+01 2.923880112270602893e+01 -7.316731421159170168e+01 -6.840177785038575564e+01 3.545723172823423308e+00 -6.474835665345800351e+01 5.103585263076131184e+01 5.116899932998565959e+01 3.566019711138899595e+01 -5.578691642701955544e+01
-7.043120907529619501e+01 2.923598120164793457e+01 -7.323219688366515356e+01 -6.834403838486383620e+01 2.943738901644750605e+00 -6.438123620654141632e+01 5.075135414536287470e+01 5.017215541127715284e+01 3.517892407218065642e+01 -5.620667647531524835e+01
-7.021623613195471592e+01 2.883664142519607765e+01 -7.339083034042374720e+01 -6.860717545117874749e+01 3.793860828146752073e+00 -6.432531260336976686e+01 5.027798097855919934e+01 5.051398481781701122e+01 3.528623658964573195e+01 -5.581428932604016779e+01
-7.052808349080555672e+01 2.924683226308453499e+01 -7.303255533193775761e+01 -6.858202829650984711e+01 2.896063257736322782e+00 -6.440482583997776089e+01 5.063631828718543204e+01 5.110440378880085888e+01 3.543264098986231403e+01 -5.599000668451437690e+01
-6.967740677535141458e+01 2.900811625276623928e+01 -7.272160277314834786e+01 -6.862680385296529550e+01 2.724135933424224998e+00 -6.456594277191985043e+01 5.103553425599969984e+01 5.074066983276532028e+01 3.522846565360215010e+01 -5.632172695582464428e+01
-7.066598242718346512e+01 2.913206050282528281e+01 -7.276214466947614312e+01 -6.830607296742229551e+01 3.584675352023964479e+00 -6.426562451931694397e+01 5.026883346845045963e+01 5.126995924338739741e+01 3.536778553968617445e+01 -5.635088240927119330e+01
-7.047455723221524693e+01 2.937411360592833631e+01 -7.332349744498489486e+01 -6.851011399795181944e+01 3.569562020464938978e+00 -6.426082829783733530e+01 5.068137516531665909e+01 5.099764178351992427e+01 3.523163227303635381e+01 -5.644877842699983006e+01
-7.053573882873070033e+01 2.868867995968300733e+01 -7.336984849183524204e+01 -6.834513063606326000e+01 4.056953799319679810e+00 -6.415676890065630289e+01 5.077531241682329011e+01 5.062861085610482803e+01 3.552830064569280921e+01 -5.637858783201261303e+01
-7.062978753049435454e+01 2.914890956336985184e+01 -7.346339241863486791e+01 -6.848634423711008878e+01 3.320582151779742919e+00 -6.505041641161390942e+01 5.039566137057080653e+01 5.064894818567957202e+01 3.581245379221611813e+01 -5.582553321074537678e+01
-7.029549427084224078e+01 2.868593214818125503e+01 -7.300243775132325652e+01 -6.848611418723575639e+01 3.583864630178887900e+00 -6.421344287796647166e+01 5.042168756501838800e+01 5.052462011132173103e+01 3.563656286635993808e+01 -5.607623223682669789e+01
-7.028727123881930083e+01 2.874085208473493935e+01 -7.378737559538551238e+01 -6.867591305748537422e+01 2.936973118087879531e+00 -6.450527729401999011e+01 5.088732071281164338e+01 5.088935519416261855e+01 3.517259148025520687e+01 -5.567699852001189242e+01
-7.039421082278229846e+01 2.973915747541440524e+01 -7.352909415611263455e+01 -6.783061418275113397e+01 3.278157119705664702e+00 -6.450881868910566652e+01 5.090354459403072696e+01 5.144460892269555075e+01 3.578023518058966346e+01 -5.630777417097142035e+01
-7.028343280344854804e+01 2.917638210804208754e+01 -7.339916437853401021e+01 -6.876637647426353794e+01 3.638306742894309220e+00 -6.492718768266250606e+01 5.090901746952766871e+01 5.087559134356294521e+01 3.562360656648532853e+01 -5.588914067963806787e+01
-7.033044198946595316e+01 2.929495529805295462e+01 -7.350594233690927126e+01 -6.826620961510512586e+01 3.675597360708129813e+00 -6.438873958663600661e+01 5.060464307194104094e+01 5.096074133318042243e+01 3.580980364053608866e+01 -5.683110605663198101e+01
-7.038192416098831927e+01 2.887729939772985333e+01 -7.271807922693622572e+01 -6.813804669218328058e+01 3.268528044318351977e+00 -6.437954302363583281e+01 5.073691211449228433e+01 5.087692341233830007e+01 3.568828330465689191e+01 -5.616073574217779196e+01
-7.106671696868862398e+01 2.924919024471402196e+01 -7.340205519156086211e+01 -6.825461418545854997e+01 3.635178099300840682e+00 -6.388249277408797866e+01 5.067800297802263287e+01 5.084715706526117884e+01 3.539118046586089150e+01 -5.643105524254192318e+01
-7.035682498042076816e+01 2.899672131293948141e+01 -7.320278668134596955e+01 -6.783588974432029772e+01 3.091922511348910607e+00 -6.426741572390839963e+01 5.149265273362128426e+01 5.007582497463011606e+01 3.483987856219168577e+01 -5.576494040234701544e+01
-7.104690805607417303e+01 2.874628211710585290e+01 -7.327857106357566863e+01 -6.850648369059736353e+01 3.398702192338666439e+00 -6.436074399507204191e+01 5.075178176903308724e+01 5.096055680433628510e+01 3.511330453657072326e+01 -5.643994754808728942e+01
-7.017310279557543140e+01 2.879521604500992638e+01 -7.295628642499147531e+01 -6.894545493322966934e+01 4.569636708424607008e+00 -6.445375823092736312e+01 5.103860406662820992e+01 5.085072579588904063e+01 3.527300055728994721e+01 -5.614189502265561060e+01
-7.042569268205868127e+01 2.896638460622735067e+01 -7.293529786555470196e+01 -6.838555459338671483e+01 3.505515625503574206e+00 -6.456646975074404793e+01 5.142171964393032368e+01 5.110756659455791606e+01 3.547328597484280976e+01 -5.625054389543596045e+01
-7.073998921237003401e+01 2.884839969469503984e+01 -7.296449579943640629e+01 -6.825828042425990816e+01 3.996348721063155196e+00 -6.430398714928601578e+01 5.087435757897228683e+01 5.113189136500770360e+01 3.543317620846915617e+01 -5.540101134070361155e+01
-7.134991703993716783e+01 2.906637551315291645e+01 -7.347077948937433689e+01 -6.854706404339177084e+01 3.565296553833500415e+00 -6.477287709635267277e+01 5.053092665722758881e+01 5.062186635091907760e+01 3.533546829253346999e+01 -5.549812432021051478e+01
-6.991949935399705396e+01 2.916121624378193289e+01 -7.284190248275986335e+01 -6.883950153142653505e+01 3.712196949355972553e+00 -6.408091471660715399e+01 5.101313119134827900e+01 5.089318395767242009e+01 3.580649996334273055e+01 -5.672084843189497150e+01
-7.058474769542662841e+01 2.962264336413676702e+01 -7.302880137850627307e+01 -6.783414212300883150e+01 4.180585809779971740e+00 -6.470123008161526457e+01 5.132134057672829641e+01 5.072827307472478253e+01 3.604326499944887985e+01 -5.579258625084905532e+01
-7.044024869196275063e+01 2.942145139977461810e+01 -7.357833352861769072e+01 -6.859393637459848492e+01 3.627535217662038125e+00 -6.477481753445218260e+01 5.088184515848040945e+01 5.054951877286191575e+01 3.587669363298079617e+01 -5.641759361869637246e+01
-7.038705111152101779e+01 2.921134783892981446e+01 -7.316366045447605870e+01 -6.812803447698686909e+01 2.837599990306943987e+00 -6.435073746651838178e+01 5.078022531495037128e+01 5.057368085306207206e+01 3.587710251084705959e+01 -5.602329339274299969e+01
-7.078533352120250299e+01 2.876641405095852733e+01 -7.359745772537957009e+01 -6.874595654745374418e+01 3.308971555491753147e+00 -6.461241771504978715e+01 5.050749102980731209e+01 5.100982063485648865e+01 3.620837834101902786e+01 -5.593492053733474023e+01
-7.015394625239407844e+01 2.921041579011043865e+01 -7.303210153009582939e+01 -6.861261900658817581e+01 3.287315256115642903e+00 -6.477406915006555721e+01 5.059800007907237784e+01 5.087534783234229252e+01 3.593118150667023514e+01 -5.527373569448425883e+01
-7.089965939034250653e+01 2.869355070152118969e+01 -7.315323842800520993e+01 -6.888912091547206273e+01 2.841149669404020806e+00 -6.467890313947971492e+01 5.089451863080176963e+01 5.076213178984973240e+01 3.555286051141033710e+01 -5.591864947111596962e+01
-7.047813695692094882e+01 2.944966487593345050e+01 -7.347712407198665119e+01 -6.867280553708731361e+01 3.615541081630787801e+00 -6.469870572141080345e+01 5.038486328257160096e+01 5.089215413715182734e+01 3.617989411706582104e+01 -5.642538651272959527e+01
-7.037290805324785481e+01 2.902070262207976725e+01 -7.336218022864318300e+01 -6.878330840029360616e+01 3.504699739287893578e+00 -6.452737439887839344e+01 5.012542873163936719e+01 5.052061738309601679e+01 3.579776639582368603e+01 -5.598839851905047738e+01
-7.040760382483942692e+01 2.979236343300412315e+01 -7.331676102530627759e+01 -6.850187665267073100e+01 3.426947235465699126e+00 -6.452811505426538474e+01 5.053281843688634467e+01 5.051672600966371363e+01 3.556328896459437061e+01 -5.583304005809208803e+01
