-8.397162895648793324e+01 -8.376464507125628245e+01 -8.372632183145195484e+01 -8.431270803405611503e+01 -8.415765940517397325e+01 -8.436363535078322684e+01 -8.389230617354499486e+01 -8.402804160339496775e+01 -8.421545353724351912e+01 -8.402610888830555780e+01
-8.408504675984823962e+01 -8.338581131176810857e+01 -8.401269024865250401e+01 -8.376293979885971908e+01 -8.429241390926168265e+01 -8.501374067575419247e+01 -8.339559434403403770e+01 -8.380964384955689184e+01 -8.446398930963520968e+01 -8.412104748870676474e+01
-8.491348938078174058e+01 -8.359123668605137425e+01 -8.325328807093768546e+01 -8.431812712109764618e+01 -8.441167097255348040e+01 -8.433799375722944092e+01 -8.398744828389520478e+01 -8.454288813429363358e+01 -8.443979204639498448e+01 -8.454320439202132320e+01
-8.424806068116774327e+01 -8.417186907174577470e+01 -8.405489197710538463e+01 -8.465261651348363614e+01 -8.406678153635452588e+01 -8.410077603231388821e+01 -8.349536166990181130e+01 -8.462888308075459065e+01 -8.474386066036076670e+01 -8.391171165608513149e+01
-8.396508831912662174e+01 -8.321227768929570345e+01 -8.394032347878408018e+01 -8.408350081635975926e+01 -8.401804961991540210e+01 -8.419819378787464359e+01 -8.383199282387516860e+01 -8.429930047150648420e+01 -8.436184805661228836e+01 -8.350867218308869155e+01
-8.414885049197754086e+01 -8.348861051502184694e+01 -8.289698378744017759e+01 -8.463252067132866330e+01 -8.453183222200752311e+01 -8.464703342648883222e+01 -8.357601324733887793e+01 -8.463792470773377374e+01 -8.470004895593642402e+01 -8.483016517061376760e+01
-8.425944584929429482e+01 -8.335574290133337172e+01 -8.381927834513774656e+01 -8.391794572851217993e+01 -8.417996243135974055e+01 -8.412400002358990037e+01 -8.409051129300134164e+01 -8.391768504728381117e+01 -8.495815969528871392e+01 -8.425138263900784352e+01
-8.387427474089126633e+01 -8.389625348603247801e+01 -8.366872848125727558e+01 -8.407451089712419900e+01 -8.478399565113070935e+01 -8.395472818023282002e+01 -8.348174625219033373e+01 -8.452221191796857624e+01 -8.473547271255547741e+01 -8.423688276558794996e+01
-8.379609962932087797e+01 -8.363675553438088173e+01 -8.353468952094418398e+01 -8.380693712495209979e+01 -8.440131921909340917e+01 -8.408516590681726655e+01 -8.360976283589130276e+01 -8.362574485750593567e+01 -8.439779355281707751e+01 -8.384108211272199185e+01
-8.407461587729839891e+01 -8.386238818337581336e+01 -8.363615537272490030e+01 -8.362108875116722118e+01 -8.399373955273760828e+01 -8.444203735754418005e+01 -8.409704770750477110e+01 -8.438667776043419622e+01 -8.469498471215634083e+01 -8.457608867201624037e+01
-8.437254149709546880e+01 -8.331119576898429102e+01 -8.337641376119871950e+01 -8.355200908646129676e+01 -8.417926464308082757e+01 -8.428475238867822839e+01 -8.416427976510303210e+01 -8.399020093158767963e+01 -8.485541382193648019e+01 -8.424905520228685418e+01
-8.455630007303417983e+01 -8.309100477863378842e+01 -8.430604239195280059e+01 -8.406235697984516264e+01 -8.412801676616945201e+01 -8.412877171267867027e+01 -8.343870046957798081e+01 -8.442331991063167607e+01 -8.491134353728492101e+01 -8.416845774766704835e+01
-8.431070789037445934e+01 -8.361196657001498522e+01 -8.384298224491696772e+01 -8.413359522341646368e+01 -8.459104682345785875e+01 -8.416162003541626291e+01 -8.389628445016526825e+01 -8.460856403667906989e+01 -8.420597508327287528e+01 -8.403290228339305656e+01
-8.388644145613221781e+01 -8.345308802121404312e+01 -8.336380473211244180e+01 -8.414217146645829359e+01 -8.413897240437718494e+01 -8.387033842195846489e+01 -8.406747631280137512e+01 -8.452373956712068548e+01 -8.414568708640521777e+01 -8.443129318610520784e+01
-8.403744029482645317e+01 -8.335039519325516721e+01 -8.336390021774226966e+01 -8.411873011891110252e+01 -8.402929166177483467e+01 -8.403528509203286490e+01 -8.378715982120857575e+01 -8.399415052144846072e+01 -8.432306048067087545e+01 -8.452987798926241680e+01
-8.503896239979496841e+01 -8.346340747643533575e+01 -8.374593781782073165e+01 -8.414548362093132994e+01 -8.415732063451984857e+01 -8.454719358502811133e+01 -8.433595566748294914e+01 -8.440190421945217736e+01 -8.407291492725371995e+01 -8.363977375658974722e+01
-8.493460510751545200e+01 -8.360594300582599203e+01 -8.381935209842342260e+01 -8.473340749803577410e+01 -8.455987624390274959e+01 -8.411698356219075379e+01 -8.386162306258724186e+01 -8.433646732692319858e+01 -8.434798222153489178e+01 -8.457723149023894393e+01
-8.441725170203490336e+01 -8.344804657980111529e+01 -8.368730638404136357e+01 -8.432981980887663553e+01 -8.402220980944666451e+01 -8.420518869268278195e+01 -8.368738451788694022e+01 -8.389519097005370440e+01 -8.437324279324181475e+01 -8.444252265821637593e+01
-8.439224422409452586e+01 -8.329908664741333268e+01 -8.348592824796300249e+01 -8.416278832084648798e+01 -8.441324777422990167e+01 -8.383765512704367495e+01 -8.344480813064738811e+01 -8.416369481887018367e+01 -8.454542669956256873e+01 -8.370309648437653038e+01
-8.470848929094157143e+01 -8.357010402451025755e+01 -8.333513860728697864e+01 -8.445281381527345843e+01 -8.435979979839011378e+01 -8.457611843743465840e+01 -8.381108869682719842e+01 -8.465709898320243099e+01 -8.404261391188254038e+01 -8.419156567299104665e+01
-8.423288833967278322e+01 -8.311613827969895851e+01 -8.338535120159455971e+01 -8.474120883263108794e+01 -8.433466187699873728e+01 -8.488600154021186484e+01 -8.396577221465035734e+01 -8.432036711750839686e+01 -8.430630632787661227e+01 -8.408490873881773098e+01
-8.442093853189295771e+01 -8.356717123897227850e+01 -8.388549961342393146e+01 -8.409914536779309913e+01 -8.392324494785842148e+01 -8.413595968331465258e+01 -8.377954030552366760e+01 -8.440212895451060149e+01 -8.401841316718406460e+01 -8.441000039389641074e+01
-8.453116559553188836e+01 -8.323814785512995229e+01 -8.357573433179217659e+01 -8.394600309700722107e+01 -8.363874484918021324e+01 -8.369966058709353263e+01 -8.403767271737987699e+01 -8.445910171325985516e+01 -8.450255587251943723e+01 -8.429522871028919440e+01
-8.403398726260260787e+01 -8.376583768373193095e+01 -8.342934943693136063e+01 -8.402861256334027473e+01 -8.413641664311545298e+01 -8.385748144904157186e+01 -8.410002883297767085e+01 -8.403172333703174957e+01 -8.429937051229768485e+01 -8.460663641569563254e+01
-8.475240035321691323e+01 -8.393060034239026379e+01 -8.308527361248893328e+01 -8.423187494585934587e+01 -8.436749996446043554e+01 -8.418553144446474334e+01 -8.350966113252580669e+01 -8.457348881531918039e+01 -8.467164222109607863e+01 -8.435511071349569079e+01
-8.425345068892289646e+01 -8.351819741459212310e+01 -8.341283028053727833e+01 -8.442257587955798215e+01 -8.365092090946811254e+01 -8.445332871671300268e+01 -8.411400479747169356e+01 -8.461951788145859155e+01 -8.380813485384889816e+01 -8.400516866693833151e+01
-8.463089899872966271e+01 -8.293428812525222327e+01 -8.436931408229642670e+01 -8.386517779922671423e+01 -8.409680115029952674e+01 -8.428531565091815025e+01 -8.430533171708754026e+01 -8.425955550093989643e+01 -8.525695336325716767e+01 -8.393747076648389793e+01
-8.433985576307679821e+01 -8.386324593531763583e+01 -8.386337065121603018e+01 -8.369770531345386644e+01 -8.518231888006485519e+01 -8.470363680276574314e+01 -8.354740458387176716e+01 -8.491784935518495558e+01 -8.476028897773805681e+01 -8.402071313513883410e+01
-8.411002767432835014e+01 -8.365352218283186403e+01 -8.365643933005389954e+01 -8.407738607416463594e+01 -8.488467833803800033e+01 -8.441162988543705126e+01 -8.305332770611890680e+01 -8.459866509962292014e+01 -8.445033853615791486e+01 -8.448035408708915384e+01
-8.484403106939636530e+01 -8.315166877488428554e+01 -8.334595414808410396e+01 -8.386618770932821576e+01 -8.368743278561555599e+01 -8.420379906705414896e+01 -8.385680903080788084e+01 -8.391484452570776398e+01 -8.462726844858467246e+01 -8.389621144161760924e+01
-8.416037434191642319e+01 -8.343109633702462702e+01 -8.403768878472897086e+01 -8.432780586720511451e+01 -8.458231645134358700e+01 -8.402640820745106964e+01 -8.411222651651800675e+01 -8.424287091404609384e+01 -8.441677402204034308e+01 -8.375082562717599899e+01
