-2.118874791544739788e-01 1.183565086306370140e-01 -3.285744856382444290e-02 4.524183243083964023e-01 -3.127938494262204050e-01 -1.670791114060944313e-02 -2.050506946756896764e-01 -1.046369953401617564e-01 2.135201710879562897e-01 1.670227221594704214e-01
1.125449309569911092e-03 -1.297727092668166105e-01 -5.255943397210736424e-03 -6.676073254833760906e-01 -8.630015367115193015e-02 -2.738111759048181826e-01 4.345940751517089473e-01 6.420588771986512899e-01 1.808050509147108020e-01 -1.335718141382801361e-03
4.355025838411311079e-01 9.836834143684713982e-02 9.047129296863402892e-02 -1.995970303048557049e-01 6.919476909410197107e-01 2.893135336080520092e-01 -1.014216761021219382e-01 -2.265752281483185970e-01 -8.593669968089588662e-02 -2.189238653261826872e-01
-2.054455577987070458e-01 -4.673912113378657640e-01 -1.398053221943783009e-01 4.787681348409080773e-01 1.591017147268308785e-01 3.418187111329687444e-01 2.058680517882618966e-01 2.757973861109699332e-01 1.203262789562671749e-02 2.505285256821255246e-01
3.985961410512270375e-01 4.410751838483504272e-01 -1.764863274894336864e-01 7.523679942352721195e-01 -4.135853784186858673e-01 2.787310520526964375e-01 5.989294780380481631e-02 3.545728642853802071e-01 -2.537409272630943707e-02 -2.605718152206578653e-01
-3.916391102558999804e-02 -2.332700298524544580e-01 -4.497426979035579753e-01 -4.603280691777360267e-02 -4.740111627465854460e-01 -1.564199100300634263e-02 -2.352370240372414767e-01 4.888047479156858999e-01 4.933324412571289952e-01 3.030948218292441321e-01
-1.490202920935875530e-01 3.379333965679919838e-01 1.048536623522099490e-02 5.243650586399103419e-01 -7.363952190956785104e-02 -3.700943422232212676e-02 -1.400118126714615385e-01 -1.051785986870904299e+00 -1.275388285284843881e-01 -1.442900423784832797e-01
-5.801832570145324004e-03 8.827601992779281204e-02 -9.260986483882348297e-02 2.137667349315399423e-01 -2.660259138523872191e-01 -1.214365996559123029e-01 -6.410532116025655265e-03 2.049487059266487665e-01 5.616819156508973121e-01 1.364038868173509667e-01
-1.648437296966929477e-01 -4.069450099644894570e-01 -6.884226430777844186e-02 6.526381948623297680e-01 1.088349360586862852e-01 -4.910374861136586611e-01 1.759269229389093803e-01 2.028296032709306640e-01 -4.047121912815676570e-01 1.743886205335542783e-01
3.006306977629440436e-01 -4.216768564867832136e-01 -4.275557861532675030e-01 -2.050196180023460546e-01 3.474069535308590972e-01 6.695590503531755056e-02 2.473367697974113988e-01 -3.718016428413821739e-01 1.355015164800317529e-01 -2.017496533084897903e-01
2.399527872875598378e-01 -1.577759396550371951e-01 -1.004954219250814990e-01 -2.828047814769139023e-01 5.505820651891728534e-01 -2.211685617457697095e-01 2.719959123220250796e-01 -2.626834179262480529e-01 2.205045253349164902e-01 3.781573700664220272e-01
-1.570870639050014617e-01 -1.581390110165590834e-01 -1.659804477521459043e-01 2.176539356006907677e-01 -4.846028332324712196e-01 -3.179175907689336666e-01 2.415942314748295572e-01 -3.652409325709437549e-01 -1.159160413784862953e-01 -7.688841445486478687e-02
2.257783256903386770e-01 1.875251531314584830e-01 -1.269700030852123932e-03 3.701649578852537203e-01 7.238727020308058369e-02 2.052683107574253783e-03 -3.594590018817054866e-01 4.549013242359411513e-01 -3.941155859756728108e-01 8.994023578056893620e-02
-5.777871491600725662e-01 -6.870229507307021866e-01 -2.699081754000366429e-01 -1.254090881437548433e-01 2.750043762146752724e-01 -2.382447580091131001e-01 4.479353354067466819e-01 -1.442242135343961285e-01 -4.738156467498875202e-01 -3.376521308883387862e-01
4.188200910058587079e-02 4.346021207014047483e-01 2.451802430446956560e-01 1.426247322191819544e-01 -4.915862363544778457e-01 -1.204283875948307519e-01 -1.202095491639142005e-01 -4.791243851501672535e-01 -2.653825266117146309e-01 2.773527152895726225e-02
3.887710275553058481e-01 -3.057961933132525290e-01 4.848874644666374967e-01 -1.305221494642472002e-01 1.509627998877398625e-01 -2.967171154780026132e-01 2.706820220686287359e-01 -2.561990039092018612e-01 1.207190286441002097e-01 7.775466552589976876e-02
4.062749024451606794e-01 -3.937240366649287782e-01 2.421295577727808346e-01 1.540841290470785219e-01 5.035153296651199151e-01 2.315722720323851180e-01 1.896299500129144944e-01 -3.234029205439657995e-01 -1.301016949296604497e-01 -3.322363898744162269e-01
-6.227433829529874232e-02 -4.750299935418872410e-01 9.053584798370742370e-02 -1.985413376506382777e-01 -2.900693444688731693e-01 -3.203848072663725843e-02 -1.357851080666249988e-01 -8.513574095060373603e-02 5.423493214320480593e-01 4.836675426329976185e-02
2.597776090151268091e-01 -4.249483749211024897e-01 3.940436860339276994e-04 3.762361375623371473e-01 -7.876769336115235776e-02 -4.356003395829929348e-01 2.712746312477112582e-03 -7.763391055584199785e-02 6.549225655968446413e-02 6.103391896943825834e-02
1.894097600704575390e-01 8.086267356368817549e-02 -6.665514197821313935e-01 -5.762122944588597695e-02 -6.754325211008044283e-01 2.782305148953168050e-01 -1.524295376150030731e-02 7.138942296032179113e-01 -3.833370943467940273e-01 -3.934528502480986734e-01
5.481612370885697860e-01 -4.330522443717304548e-01 3.245270173865736352e-01 -2.294849046123008107e-01 1.299530547107548284e-02 4.681270226609159368e-01 -5.814562341129783651e-02 1.340224522798762197e-01 -2.438277569550856561e-01 1.807404421893156754e-01
-1.697012049597616257e-01 -1.312389744002188940e-02 5.343206749518813851e-03 9.235121232828290283e-02 1.477354844689892921e-01 9.079680968981128641e-01 1.194635752853144550e-01 2.932928885253450191e-01 1.736512219908024901e-01 -4.027305853455390161e-01
1.148989000948987677e-01 1.093999705610796958e-01 -2.009636562808709837e-01 6.022310887336311813e-01 1.051921609109198463e-01 -4.586168074593767185e-01 -3.192397902004787680e-01 3.718395601903229930e-01 2.123461796259851209e-02 -3.219945354272903820e-02
-1.001787371915965029e-02 -4.398209735749191163e-01 -3.194744575848459389e-01 1.588677025753178484e-01 2.893692684335184007e-01 1.746238305009099046e-01 -3.583283001107168131e-01 1.721767950089497512e-01 -3.418599730229613526e-02 1.612739843597699174e-01
-4.806666558210520024e-01 7.848845720179513374e-02 1.118040196702386330e-01 2.773000019784819734e-02 1.516304696199569924e-01 -3.549888043963021489e-01 4.368540500705933027e-01 1.263564469927038747e-01 -2.906218463341343483e-01 -1.801241568942875126e-01
-4.078393753231150665e-02 -2.631814160531389946e-01 2.483231805900353861e-01 3.065157450554285568e-01 3.448682126405102633e-01 -1.545075483406807004e-01 2.705329098828540557e-01 1.281471503512602028e-01 2.235586104999141011e-01 -2.450806050332453301e-01
5.462025569420920768e-01 -6.599961355004138608e-02 -7.418238205844719657e-02 -4.018727667092558131e-01 -1.646024278520276385e-01 -2.943672840115203792e-04 -1.271575087019615954e-03 -1.238824211713670381e-01 3.686743754035373688e-01 -2.145459031677698358e-01
-3.012770328904417760e-01 -9.619088433931519133e-02 -7.541119595396522657e-01 -2.092798995142715335e-01 -2.410988648417319302e-01 -3.697949556433561269e-01 7.830482384369653603e-01 2.270660972223192131e-01 -4.872195749299939038e-01 2.397331870190598339e-03
9.525470088306314809e-02 1.839362106486254755e-01 1.154849590220171779e-01 1.757833800313057526e-01 3.473117624445186125e-01 3.181560066396351694e-01 -1.750537746859745503e-01 1.720056161887387469e-01 -1.099065645870117847e-01 -3.869488901313442586e-01
4.739275460926261618e-01 -4.570498144572252008e-02 5.082284406580208636e-01 3.855779476548777396e-01 1.019970950150241307e-01 1.105420892085075546e-01 -2.356560478607246378e-01 2.377473960817923573e-02 3.726832717851940036e-01 1.924857603940704487e-01
2.267422373417689874e-01 -6.181158250970072293e-02 8.494005059265360980e-02 4.754372197808019451e-01 2.167123146548840806e-01 -4.806771299290489852e-01 -2.728311279304109771e-01 4.872274579452639739e-03 -3.191818612405900590e-01 1.544107194711855091e-01
-1.342434826718748586e-01 1.380086723003500632e-02 3.073178002458713531e-01 -1.668131327298151001e-01 -7.080169941852204607e-02 -2.525299743260160934e-01 3.771760461539925835e-01 1.333504181909268005e-01 -6.064618841860412030e-02 1.506074340833342962e-01
1.961218670617366835e-02 1.708288403127012633e-01 -2.820280680208377827e-02 2.313068944339527200e-01 -4.833601707472302556e-01 -4.327736075028677520e-01 -1.325827864025698188e-01 -1.750119651773713036e-01 -3.390075827866378400e-01 -1.143615373700868215e-01
4.515627582038876930e-01 1.245035998814667949e-01 2.363489873884336567e-01 -1.651565540156724465e-01 -2.598075720580496073e-01 -1.054901625917981645e-01 3.562849096344630206e-01 1.210990731934209336e-01 1.950695797199198112e-01 1.771774300163400373e-01
-5.693668975119712261e-01 -4.403998386426567491e-01 -2.222812335151020668e-01 -2.890145164349612328e-01 -8.370399206304778017e-02 -1.886782789937377081e-01 7.131078384072409015e-01 -1.477557542702719329e-01 1.550932484076053275e-01 6.637215979636864605e-01
-7.963532872465435564e-02 -8.241519411944747686e-02 -4.328675439440212713e-01 -9.659282608733127384e-02 -1.330526143054739929e-01 -1.155567169818554757e-01 1.486770219133621840e-01 8.603114007644376005e-02 -9.284751090352174607e-01 2.676160036456433633e-01
-1.988929239041773156e-01 -1.584919928687270052e-01 -1.225133126913393738e-01 6.873573691882745029e-02 -4.146231124620689684e-02 -3.987972150920482961e-01 2.886233737053044424e-01 -6.440001457151933728e-01 -6.697110066512840243e-02 -1.894381863194820048e-01
4.175156713705808764e-01 -3.230265270620034934e-02 8.322182033072121898e-01 1.129093433460262585e-01 -9.206662684601435442e-02 -1.216165783165900835e-02 -2.305402989409109926e-01 1.477900685897329536e-01 -6.256822410417313407e-02 -7.336067261993364230e-01
-3.345306093225138278e-01 -2.737175629058524740e-01 1.995771893854916545e-01 3.586626594287978254e-02 5.112416661660972028e-02 -3.487565758869527466e-01 -2.560745744931822165e-01 -5.360936026945755523e-02 1.136003109110447599e-02 -4.918513188588879981e-01
-3.130216034136643760e-02 -1.180065646023608084e-01 -3.135817540234706047e-01 3.168451176521706603e-01 -1.075516584361571742e-01 -2.818980214239387716e-01 5.420993225772149371e-01 -3.049376930229775184e-01 -3.026228306990038086e-01 -1.454220644907932847e-01
-3.600274518705386118e-02 4.407289628652721024e-03 1.729100813978052542e-01 -1.910006979742319144e-01 8.225913495383442575e-02 9.034868217810781976e-02 -1.717015302322105474e-01 2.849675576672863753e-02 2.967270171751402175e-01 5.687607424744218765e-01
-5.151504665047420550e-01 -9.661309627130031108e-02 -8.437939192119863208e-01 8.206475536745889976e-02 2.562852377095116777e-02 2.512341020533832014e-01 3.731370606258284650e-01 4.028488108812388058e-01 3.372955790276415122e-01 6.176933596728099995e-03
3.380110538616720173e-01 1.816883955103378301e-01 3.152656875071979115e-01 -4.161393702190507166e-02 -1.536188206342930795e-01 -5.224338846183141927e-01 -7.689826864271667173e-01 3.076328489580159101e-02 6.144844039140324732e-01 3.963312908891519215e-01
3.457269831202217647e-01 9.324201825901356697e-03 4.450076031699609636e-01 -1.197405502276226510e-02 -1.001924427124461642e-01 -1.068268487961594321e-01 -1.315555014053497451e-01 4.815913675823718654e-01 -5.837600871958895793e-02 -6.600294400603956557e-02
2.099359607693852478e-02 1.990023276954723808e-01 3.143813467930072214e-01 2.837731769013356331e-01 -3.457335969280896787e-02 -2.908826473575896188e-01 7.738704002862602238e-02 1.942193741104791538e-01 -2.279459681800269366e-01 7.381558040554471109e-04
-5.448004648825241492e-02 2.416842867935417860e-01 -2.977468657219567091e-02 3.770120837786485879e-01 -2.292144712185957833e-01 -4.317810661790775217e-01 -5.811423363772937056e-02 -5.602487114264125267e-01 -1.864611410995793972e-01 1.227686494686561630e-01
-1.199375434850510486e-01 -1.272665939741229324e-01 -2.641945272115908683e-01 3.077517634606689034e-01 -4.896820646201164862e-01 1.546376549025728075e-01 3.168423160315636533e-01 -5.555285206303686024e-02 -4.906745407298198497e-02 1.987987235863331592e-01
5.826289422341150992e-01 -2.058726631699633602e-01 -1.962294419706182569e-01 9.609256229466756408e-03 -7.139525234675851983e-01 5.620078289775467389e-02 1.603943050542534499e-01 -2.098134182063165210e-01 3.948031484233340827e-01 -2.176094723790648888e-01
-1.388958387080224330e-02 3.160134190249909159e-01 -2.417465197880344363e-01 -1.579234065328244119e-01 6.042753493818542321e-02 -7.123724461221865589e-02 -4.307534905828856037e-02 3.248526181955548875e-01 3.120588837700347118e-01 -2.945316933146235883e-02
-4.770629722056827365e-02 4.381285595003863165e-01 -2.236844766467534218e-01 3.737872475661666027e-01 2.077695402700372174e-01 -3.416049976359321616e-01 1.220719043849134849e-01 5.231933443730077404e-02 -1.087640706226395970e-01 -2.982310752197572246e-01
2.620773750260263490e-01 1.373661729740393612e-02 -3.353933615359577236e-01 -6.548009148235285626e-02 9.377743704007192316e-02 -1.226320784110351003e-01 -1.267770781375114897e-01 3.432482483544679885e-01 -6.143989920961827611e-01 1.184457546935734212e-01
5.279286545739906300e-01 -8.680659912367828801e-02 4.663896339715879746e-02 6.171306799075233079e-02 1.333070331485849136e-01 -7.563982967972152638e-01 7.084622805266223289e-02 -8.930749849575563004e-02 1.019629801855154172e-01 5.786970163069905526e-01
-4.607241225223790426e-01 8.581415604465882085e-02 3.433680085659646802e-02 -2.678599230089285382e-02 -4.400779970316190948e-01 2.224681110089400671e-01 -1.923402693264661956e-01 -2.614366433388634059e-01 -5.259399649043729023e-03 4.787947564618170726e-01
1.636396355676806025e-01 -3.088202065580226696e-01 -8.386355165135424283e-03 -5.675481080245691617e-02 1.541839704629246466e-01 -5.886474252947555136e-02 1.319135687204894547e-01 9.977971472790037044e-02 -5.814407542702904053e-02 -4.050468240068234027e-01
3.833149622862553341e-01 -2.877545261574847579e-01 3.355002808852696194e-01 5.701427146297602389e-02 -2.667869545246973617e-01 -1.427214017257748546e-01 -4.255518423472339634e-02 -2.146693048776247281e-01 -1.767667051649839949e-01 2.986470948749793131e-01
-1.380386640888554561e-01 -5.424493972122595986e-01 4.881149608857279776e-01 2.272797617868997921e-01 2.695138336067397500e-01 -3.882980367681838629e-01 -5.726099453655456584e-01 3.102416108644402426e-01 -3.697826586849131125e-01 1.252166355953477361e-01
-4.837483437789350527e-01 -5.294532851336204438e-01 -4.948734945076239955e-02 2.257200965494060574e-02 -2.506732182764538908e-01 1.400014015896144850e-03 -3.534773526979733682e-01 2.257177201186485738e-01 -3.853169932629776917e-01 3.904394371903176508e-01
3.089609607321015528e-01 -3.238599160544965438e-01 -5.677350324741352594e-01 -2.119086057717351479e-01 -2.343530244479370694e-02 -5.825894216069863463e-01 1.706790852112829160e-01 -4.890046958979562541e-01 8.990897996243650547e-02 -5.977044786962535522e-02
-4.552910865237101423e-01 -1.165100354363724916e-01 2.236491581745972401e-02 4.833542550114927061e-01 -1.887253904472546984e-01 -3.429575084267878493e-01 3.752247083636863212e-01 2.604821284163044703e-01 1.641265749790251915e-01 -2.353025616678543486e-01
4.793136953949360124e-01 7.099256090826737697e-01 5.099825606448010057e-02 -3.000289405454517055e-01 -2.724228623577515385e-01 2.121547223942009675e-01 1.417531542441220760e-01 -4.715554751010903600e-01 3.401252434798965329e-02 -4.046438796735488119e-01
-2.265081802138215195e-01 -1.939827541823415658e-01 3.489410685321007177e-01 -1.431416595733840946e-01 -3.079527277434149224e-01 2.576455729488154600e-01 -2.077474247786861572e-01 -4.684331297366469034e-03 -4.615432286193303923e-01 4.352259206609251363e-01
2.948109630718295793e-01 2.143649151106692338e-02 -4.410273620317958776e-01 -1.293345422660979460e-01 -2.492424518689191348e-01 -2.754433938968802731e-01 1.844637342183096107e-01 -5.532189422765411146e-01 3.685089770037019985e-02 3.640886502873751183e-03
-2.077969196068991387e-01 -5.504783162614699382e-02 3.867510014579197963e-01 -2.902695636917394517e-01 3.170437943669738301e-01 1.191771227297920704e-01 -1.240053006675098934e-01 2.039201851893341078e-01 -1.142189381961325606e-01 5.866657358197653604e-02
-5.202971822853381945e-02 -6.321922780661047847e-01 -3.802837750631570674e-02 3.693285180574527593e-01 1.119467908143158275e-02 -1.932794050280700893e-01 4.440740282288979102e-01 -2.908331078491961375e-01 2.975639940202250422e-01 -8.915749316788757275e-03
1.270947698339598142e-01 2.802235738717196445e-01 -2.314752120073406694e-01 5.389223890285173013e-01 1.843471149358110739e-01 -2.496914919974419222e-01 3.685198964084215184e-02 -7.533000954598886682e-03 1.719894088012517419e-01 2.588109563003146985e-01
2.596495346147649208e-01 -1.460481013436158992e-01 -5.111302287871863914e-01 7.288407766019310008e-02 2.960541319210586997e-02 -8.835483442574565416e-02 5.371103017483366271e-01 7.021401652227925172e-02 -3.513478495485350406e-01 6.032012360630832903e-01
-9.375958954241294663e-01 4.362670311408839985e-01 5.384470676905671604e-01 2.371731052664773076e-01 -1.783290620079059363e-01 2.060970821886176363e-01 5.109580447000473535e-01 4.442051131426860699e-02 4.819213670941792649e-01 -2.245961716642544057e-02
-2.099427377832413233e-01 -8.928492475066604483e-02 -4.502769115910117970e-01 -1.960220978390278534e-01 -1.743820651294659962e-01 -3.270931021276637929e-02 -2.751215151489861954e-01 -1.856182131481875497e-01 1.525310512939938995e-02 -2.152272408729130615e-01
2.607186895159275819e-01 3.909231947603684920e-02 9.767122742396266988e-02 2.159605867700720161e-01 -3.209140011270584791e-01 -1.943516463632450481e-02 6.590320871525803988e-03 -1.092269950459660438e-01 1.577288097640119069e-01 -2.003691405677134607e-01
-3.387962715388219137e-01 -4.451239865137757712e-01 -2.867888560393546879e-02 -1.270339889895763519e-01 -3.086185076730058596e-01 5.623588446723799539e-01 1.292717608533222318e-01 4.191436324040255235e-01 1.192561587536365431e-01 5.841131034802655997e-02
-2.345106614361284758e-01 -1.043689662075762692e-01 -1.570599677756777390e-02 -3.489649986247065350e-01 -2.344218281543433979e-01 3.002081022767834062e-01 -4.031437835690260263e-01 -8.254356914683749769e-02 1.724363980914351835e-01 -2.294994722039601642e-01
-2.936119049994852515e-01 3.294164462619497691e-01 -8.488789390051347528e-02 2.046076392460869919e-01 -2.039736201547499156e-02 3.007417812383955669e-01 -1.960194213941541530e-01 -2.954113002420248255e-02 -2.598441949583744082e-01 -2.819719419337277100e-01
1.398910801940231319e-02 -3.439404537469296086e-01 1.125357014834778291e-01 -2.593869136791654983e-01 -2.615720138477360401e-01 7.234052974475288500e-02 -2.934856449940559386e-01 -9.949283896705347907e-02 2.056418591944886645e-02 2.735526286790312400e-01
8.153130778253622757e-02 5.602964409600613704e-01 -3.749539074914462478e-01 -1.216554056595550992e-01 9.547640975683493667e-03 1.174984625238635200e-01 2.218186020113431176e-02 -1.733418915961531734e-02 1.913339605849634362e-01 9.949332975353589181e-02
-6.264324775472371876e-01 -4.264143780112474857e-01 -8.214918494381120428e-01 -1.695354887644598130e-01 -1.131085659668543686e-01 -3.492885092710213968e-01 -3.772561370478983989e-01 -1.374511787988460798e-01 -4.698625345089396665e-02 -2.450087073161513751e-02
-1.811649677840092981e-02 8.748168456943092863e-01 -7.394198896123711506e-01 -7.934977662234832252e-03 -1.903139512735782801e-01 1.172527843752703969e-01 1.294647116950726762e-01 -1.528440098974984673e-01 -9.703640624444549723e-02 3.928989414344017939e-01
-1.217660746572405209e-02 -4.286696293301860972e-01 4.679732102646875225e-01 1.146440456644979844e-01 2.163154076937829073e-01 4.592421121935252315e-01 -2.635799616581412930e-01 -5.165173651705636804e-01 -2.073578913437720550e-01 2.882218099340205786e-01
2.723538034085163859e-02 7.689556463349847548e-02 -2.116954195167775402e-02 -4.897489501475751905e-01 5.317418359452717735e-02 -2.991151833280206729e-01 -4.184051982855903629e-01 -3.060107947424851524e-02 5.879196137230179725e-02 7.992385375591623542e-02
2.292633321952063652e-01 -2.192028972573709100e-01 2.424100495586558046e-01 2.928653289683781358e-01 9.228503079347305516e-02 1.682376165045430805e-01 -1.298857565419408444e-01 5.107391772066389307e-03 -4.452733808842980201e-01 3.276634384686818446e-01
4.123813762308057851e-01 9.092699138107904200e-02 -2.789020184387264734e-01 3.385169136625631459e-01 1.521307779555683970e-01 -4.350260185271033753e-01 9.709291429186078792e-02 2.342625934661943590e-02 3.477612174470692818e-01 7.458574846589759166e-02
2.062851426954595280e-01 -5.429100466584438900e-01 4.098982178930398179e-01 6.933781673351319119e-02 9.758687789238616739e-02 -4.764827123408418158e-02 -3.312840003134676636e-01 3.310431396700048712e-01 5.344801512366746943e-01 -2.557184005319564912e-01
-2.070351896675199366e-01 1.761250701548664199e-01 -4.283005376639633099e-01 -6.843965026181365596e-01 5.929839941779417589e-02 7.373744585086407233e-02 -9.282374478057761613e-02 3.844259007232801451e-01 -1.432836890041687128e-01 -4.127184893005693689e-01
-8.178574256023521394e-02 5.255381022614317166e-01 1.375708395544411877e-01 2.758588409852173462e-01 9.120791922321186407e-02 -2.942012497053709263e-01 -3.343971360008120008e-01 -5.325870163126857765e-02 1.579751920263387788e-01 -3.084390366963111196e-01
3.036278755841237964e-01 3.287055597440861621e-01 -7.862480415486534924e-02 -2.379281258368834973e-01 -3.820338221071632040e-02 5.317933072170527575e-01 -1.243295457168705487e-01 8.896246915021047696e-01 2.863656489466173127e-01 6.207746812941301595e-01
3.465823907173023466e-01 1.481380328555448878e-01 5.448752751301829678e-01 2.071225132369781397e-01 2.692589865816592543e-01 -2.764587407855653156e-01 -4.718682720548565412e-01 -1.642953190257373242e-01 -1.664663434591711344e-01 2.821881145307441052e-01
9.264329621923936275e-02 -9.718615688411776088e-02 -4.724131106076424197e-02 4.277499740883209389e-01 -3.197227394657271571e-01 1.295363048737196709e-01 5.751307943581221993e-01 -3.085350264896624325e-03 3.426691188519258996e-02 -1.153343155979098950e-01
-6.249529391674382012e-02 -1.829085173034015466e-01 1.837344083702272535e-01 3.213887371190022324e-01 2.748294505880554128e-01 -1.934068438560802017e-01 1.944886349571172887e-02 2.830315240213590600e-02 3.392129962756546546e-01 2.229607840536766347e-02
2.007864578638800246e-01 3.744668512084697171e-02 -6.712676394671953650e-01 4.172539754014472635e-01 -1.765853049020632004e-01 5.615886520652134672e-01 5.087030904047176172e-01 2.773748598958264977e-01 -1.384515514399113079e-01 7.945980605741340130e-02
2.774635396293751999e-01 3.758780449108842237e-01 2.249098135226978643e-02 1.091865015286866830e-01 1.758082822782558452e-01 1.855705716076267234e-02 1.281675065951305703e-02 1.651790453555459781e-01 3.818136621186047908e-01 -7.095887259592565943e-01
6.853001777549845748e-03 -1.677929556724565563e-01 -7.349695037246031792e-02 -1.402150243794254014e-01 1.281825186208274681e-01 -4.174630170722795075e-01 3.227168174050307758e-01 1.078716267512586369e-01 1.759142661913065675e-01 2.506902624890556264e-01
-2.768445773988922193e-02 -2.910379013587437516e-02 1.104344484199804577e-01 3.461874625662803018e-01 1.265556796771279968e-01 -3.109330350700643675e-01 2.533815930934681937e-01 2.847212339157025318e-01 -2.441538861876429989e-02 -1.915327014683900625e-02
5.096316994069948619e-02 3.472869284096500309e-01 -1.604396989708570809e-01 -8.925712199734957275e-02 -2.675611806919143132e-01 -3.320542440117976724e-01 1.247060067578712461e-01 1.182779170827770870e-01 6.416168381705900092e-02 5.276257498340791718e-01
6.136432502942074096e-01 5.931374655200125773e-02 -9.812485165277305688e-02 4.937125362370498038e-01 -2.513559298839240230e-01 3.959334487058552288e-01 4.050313021281458092e-01 5.104783580480823924e-01 1.664409307553167683e-01 4.706563924099907981e-01
-2.099840387517388496e-01 1.415561269742499073e-01 -1.926563269027439795e-01 -4.085567770350957695e-02 -2.634662172131580493e-01 -4.472703823059180905e-01 2.488475011497107425e-01 -3.201906138343634800e-01 -1.197399923606122518e-02 -1.125449443696809743e-01
-4.712344371123778353e-01 -1.601258275491243832e-01 2.113883604676158323e-01 1.022597734558109289e-01 -1.185150171271313196e-01 4.842121350257756751e-02 4.985884746323276939e-03 9.047247726892225506e-02 2.659185631478195866e-01 -7.268445541456568237e-02
-1.267891741794451889e-02 -5.739215911966475403e-01 1.299721130904744892e-01 2.444198031492914314e-01 -2.933205848813149053e-01 -3.254651660215837072e-01 -4.747916286964192212e-01 -2.738103013778813571e-02 1.604060338418796250e-01 -6.561980777237343965e-01
-1.168714992247565365e-01 1.110937814836125866e-02 -1.048476001381107858e-01 2.924051561078371275e-01 -1.590549697297202400e-02 -2.325325685150871069e-01 7.173797748408254904e-01 4.868965927559741336e-01 4.381509795583085065e-01 3.280688558923219866e-01
-1.197107307019471684e-01 3.594497947214831401e-01 1.662277295491196294e-01 -7.920914789923043653e-01 -9.508399575983098040e-02 -5.840747968583116512e-01 5.612334431059784468e-01 7.160868920286710126e-02 -3.770659714546223396e-01 -2.975623866949583113e-02
-1.779752322324266167e-01 2.057449813200914190e-01 -1.197581849424842887e-01 -1.562493895597472371e-01 4.536557231975292814e-01 -2.881791554736952699e-01 4.555660959622159084e-03 -1.026715064055396254e-01 -2.225321902934934148e-01 -4.668544873682280438e-01
-4.104960904125858345e-01 -6.289265300585428209e-02 -4.727909886114991522e-01 2.271009089563206795e-01 5.632497121091361025e-01 4.075430519353196446e-01 -5.197888832193876124e-02 4.530473009395087902e-01 -1.363537162250474943e-01 -1.265444359359325088e-01
2.067266073803057380e-01 -9.585625626501081964e-02 2.946377737937071195e-02 1.800568139824805514e-02 -5.106108448713106984e-01 1.390837410099848570e-01 1.525030235788481237e-01 -1.143452437656780341e-01 -2.461803448322328614e-01 -2.957066637567168921e-01
4.939331262832176717e-01 1.176376211113299708e-01 2.306844846310806066e-02 1.187451731310946862e-01 -1.623222532803106632e-01 -5.229084982953139393e-01 -5.452089284626442378e-01 1.437986935146322309e-02 2.597386282223679288e-01 -3.448962750042028347e-01
-2.171660213220083235e-01 -2.221163416796532730e-01 -2.322371120320956273e-01 1.496835241502877112e-01 -3.207762056088276914e-01 -1.599168937612672203e-01 -2.466704954671580241e-01 2.623185207096654925e-01 -3.406255792366171681e-02 -1.326812513175684161e-01
-2.805639935771571669e-01 4.094739893150795007e-01 1.216217824665281021e-02 4.157033338373294362e-01 2.741843007656646347e-01 2.111217877203868665e-01 -5.096165625650179720e-01 2.257485911588616445e-01 4.991930805621995482e-02 -1.029674978992435180e-01
-5.006556661592008739e-01 3.041262514806929509e-02 6.282789357677981412e-02 -2.893633597338182706e-01 -2.152505111472073629e-01 -1.244869359626685074e-01 -3.270746115831073553e-01 1.698409807628625257e-01 -3.638297411999370096e-02 4.064755451494508343e-01
-1.338069376508539687e-01 2.451644681718128937e-01 1.173335505980140359e-01 7.187032296375949203e-01 -3.199810951325064989e-01 1.483001759227666194e-01 2.183333021283180575e-01 1.068853962580052080e-01 1.939814243365928503e-01 -3.601734172377378251e-01
3.390249151495997593e-01 -1.237580346627195349e-01 -4.186520584643225740e-01 -2.238955542660145126e-01 -4.112174937792033580e-01 -2.049709668373328186e-01 4.909868908200573090e-01 4.436940743090201367e-01 -4.545583468355471890e-01 6.332431922156266380e-01
5.670539137802289575e-01 6.309904454108017369e-02 -6.771242383084866145e-02 -3.627040233256344504e-01 7.043478421775674347e-02 2.536509031697365968e-01 -3.473740580416345702e-01 -1.990616248488193962e-01 -1.371275313192561740e-01 4.241914107060957839e-01
-5.547425365447630208e-01 -5.812442343959933755e-01 -4.802195630695819256e-02 2.252027944837855511e-01 -5.133129640672436100e-02 3.580689325148503355e-01 -4.065446741891135529e-01 5.055993474182982617e-01 4.057942053843349717e-01 -1.395262641273917747e-01
2.209108223964166007e-01 -2.893554924108472041e-03 -7.670208545144290360e-03 -1.718888875435292674e-01 -2.341007802313878339e-01 -5.706287645750376392e-01 4.370060342590104813e-02 1.821478209912478358e-02 -4.840416850968749102e-02 -1.092593796712024471e-03
-6.537946063825850196e-02 -1.234239370873681657e-01 3.795084877320739070e-01 2.992085988713445999e-01 -1.113442261013651291e-01 2.445750414827666530e-01 -1.282623770332583235e-01 2.800474538330949836e-01 -1.712778276977671432e-01 -6.020261916481903786e-01
2.643264181105147922e-02 -4.179566609553848622e-01 -1.716630575126061944e-02 8.438005217817313997e-02 1.656829266529091793e-01 5.161440620498847220e-02 3.378264763410985250e-01 -4.568092805039595250e-01 -2.722071393140377826e-01 9.170798263143540782e-03
-9.751679048247345605e-02 9.032992231559534846e-02 -1.346602639323003087e-02 -1.116170287412222850e-01 -1.914065890212995544e-02 8.930763640316029539e-01 -6.038411080543841791e-01 -1.632040111736863868e-03 -1.344403708144538134e-01 5.692751313991294415e-01
4.295818638225157304e-02 -1.777036168635972024e-01 2.087370926796047743e-02 5.368938406511896133e-01 -4.181055273661131166e-01 7.073135898914877095e-02 3.671443789165502736e-01 -3.489479099628603476e-01 -3.649950894148212832e-01 -2.856610444547049571e-02
-4.916452854870596578e-01 -1.377632786970028889e-01 2.266947639707329269e-03 3.363169140163925763e-01 -1.501350982025753678e-01 -4.603392795182892350e-01 -6.410157579262233674e-02 -2.728419140224662420e-02 -5.759324387992000860e-01 1.218160871363332398e-01
-1.925018160990459026e-01 -3.065796981662368900e-02 3.243334507201068861e-01 -2.644122931924438036e-01 1.755853830211136501e-01 5.194598960055348824e-01 2.535651341782143575e-01 -3.353011642760620470e-01 -5.197950364085187486e-02 -3.998653745845568430e-01
-1.266573735824211844e-01 2.882247121223114883e-01 3.833077598999395930e-01 6.330430915373426171e-01 -4.267336029201234116e-01 1.295981717062486549e-01 -7.793575764410549944e-02 1.361538391600017606e-01 -3.961640675973162051e-01 -1.013190180206115232e-01
-2.082942637487623372e-01 -1.669041213571967330e-01 -1.743519604394517530e-01 -5.770882364032328682e-02 4.420191053492184552e-01 2.743308028246564945e-01 1.267184783876101062e-01 3.047792026557440970e-01 -2.149060470195715278e-01 -3.382128538723488953e-01
2.928612864448557063e-01 -2.690773984852215528e-01 -7.273299128332587626e-01 -3.462476789188560500e-01 -1.733026669392121188e-01 1.975872386980670192e-01 2.649135955419621991e-01 -1.131405718295347834e-01 -3.838973697545567387e-01 -4.334626704321790092e-01
-2.508390063093916544e-01 2.355965561136587894e-01 -3.639934593111253391e-02 2.640344733957367684e-01 -6.834316360977824890e-03 4.362248161715303468e-02 2.610172614712766848e-01 3.504635604918811542e-01 1.168825287192064299e-01 4.361807985567258544e-02
-1.521368713385509164e-01 -7.809209045520815184e-02 -4.878682749904421634e-01 1.002443857901587076e-01 2.240748504336799105e-02 -2.875063234961918734e-01 -9.702937016333842979e-02 -3.190968715279404733e-01 -2.095889243439405247e-01 -8.746604335729910029e-02
-3.272825972325097560e-02 -1.594314454191173291e-01 -1.075176932519986972e-01 6.393839557266368656e-01 -1.218465528899134315e-01 1.207814269260213541e-01 -1.299132579059987525e-01 4.436718561073908496e-01 -1.754318683707644655e-01 1.047538976012471999e-02
4.288428202353039564e-01 1.651251180285137066e-01 -4.670709540366630580e-02 4.981983438016339694e-01 2.390503662029241569e-02 -4.703632317097443671e-01 -5.190769416077146287e-02 9.595971132688027594e-02 1.147241364324787932e-02 -5.165608940207069288e-01
-1.874258592983759353e-01 1.963188176172764310e-01 2.990329576199700079e-01 1.640383554013335743e-01 3.025351629460825698e-01 7.894403641610775457e-01 4.484344122420982209e-02 6.532370030574243813e-01 4.875206415599889209e-02 -8.271919470503301397e-02
-3.418476849484624047e-01 2.653001469628560871e-01 -2.810578819681202462e-02 2.270302498497696678e-02 2.499248625213095765e-01 7.349719046348534013e-01 -1.812915159249289254e-01 2.858908264957374379e-01 -8.593136981295009802e-01 4.413497712327017486e-01
2.871853305692360081e-01 -8.030035484364593523e-02 -5.342094021855627733e-02 1.711022687581672252e-01 6.535303946746093273e-02 3.061427541710787792e-01 -3.072619769697286229e-01 -2.322985640772986249e-01 -1.378900219841597385e+00 3.752163436839769384e-01
-1.258387780958705182e-01 -2.992464802921084299e-01 -2.242798044059747808e-01 -3.722950109293929333e-02 3.039256221792860924e-01 -1.328173967217733953e-01 -1.418613863277886234e-03 -4.939313723898666741e-01 -7.088547395710895760e-01 -4.953303182345423217e-01
-1.035552739252129373e-01 -5.850972874559378506e-02 -3.580414887635767207e-01 -1.131828534526418129e-01 -2.224788410385373227e-01 5.574651449099800316e-02 3.538439861949100318e-01 -6.322096974143402714e-02 -4.378053032184899829e-01 -1.457864132567425197e-01
-2.360290603250138688e-02 2.486779968361776949e-01 -1.980760791499033835e-01 -4.676165989758043762e-02 -4.775065831698023511e-02 -4.191880299532604881e-01 -1.746936363576752915e-01 1.244811108475789713e-01 2.949443425597312318e-01 1.369343803549180616e-01
7.414633601271654328e-02 3.279570750198995688e-01 -2.510893302138784700e-01 -3.683615334108987782e-01 -6.309092018325083984e-02 3.262259252444871804e-01 8.583689397480201433e-02 2.721557099391860857e-01 8.365225341543526538e-02 -3.905720740588525253e-01
2.818999375336718183e-01 -5.717970297906848076e-01 -4.529017829255030381e-01 -4.348055291695504532e-01 5.285380110464725778e-01 6.442341741502247698e-01 1.655907264714821803e-01 9.849011774881129277e-02 -6.814854211572997089e-01 4.311612284640493065e-01
-2.899895588063307605e-01 3.237072209365489117e-01 8.337017939197314056e-03 4.371301393948878039e-03 -1.931239855355295076e-01 -7.416526928481693981e-02 1.506180232364331406e-01 -2.062743077730369023e-01 -1.138023216690773332e-01 -6.335390903201800761e-01
8.783197590115739140e-02 1.053303152229935480e-01 -5.400223808470939746e-01 5.062054555530847572e-02 -9.797147485246668341e-02 1.850679607990212971e-01 -1.824256010489539448e-01 -1.278205021114932338e-01 1.253728291246573312e-01 3.336770326015344179e-01
-3.375131162060032025e-02 1.906364786635608433e-01 -9.733454859474626342e-04 4.590369376969986037e-01 3.714540469676863021e-01 -5.728079902642475574e-01 -4.378727776421291740e-01 1.248385892055588337e-01 -2.647111965876003947e-01 2.700750638373363155e-01
4.180211011579397784e-01 -4.216421248411339473e-02 -1.681301206490105060e-01 1.733885832128666538e-01 1.896691942881019097e-02 6.437167308664248910e-01 -2.149606715532237644e-01 3.221213102686302787e-01 4.200402042772864025e-03 -3.816996286235893043e-01
1.360180721841282858e-01 8.884784190900833767e-02 2.577927679883345036e-01 -3.588885018399806670e-01 1.006074502893636313e-02 5.369990025251595300e-01 1.389788688417114559e-01 3.464624310789287676e-01 3.851529486584763795e-01 6.012900043152419327e-01
-1.824309491464483346e-01 -5.792268229541644997e-01 -5.215600908567719074e-01 1.328846983135110460e-01 5.697823879267086000e-02 -9.584877684070174098e-02 -1.205055610368445246e-01 -3.463906552420902840e-01 -2.047795596247483085e-01 1.268707241528913565e-01
2.011165135541531368e-01 -5.844048844997992154e-01 -2.172588607845739317e-01 7.884086154707473093e-02 1.552538134157142313e-01 -1.343205210182591425e-01 6.024798361294136928e-02 -4.958373063980497236e-02 6.944683165858328566e-01 -5.978670714113758500e-01
-6.479320145413743071e-02 -8.720802235439678585e-01 -2.628721386782187364e-01 5.390997847683355604e-02 1.811332688957907333e-01 1.760666219535186316e-01 3.012162213040315284e-01 5.050681779401027666e-02 -1.199060510040766830e-01 -6.139671220651994610e-02
9.869502781739923625e-02 3.210448946965035466e-01 -1.452343165060408781e-01 5.820752501141200907e-01 7.092309456522588595e-01 -4.833155060722638674e-01 4.487302566233611345e-02 -1.153682030111758822e-01 -4.795086427292561404e-01 -1.393834408495344679e-01
-2.123638831567098706e-01 -1.897632595986996351e-01 6.233941201633970419e-02 2.533616934714761348e-01 3.618383421918424658e-01 2.930119576577187857e-02 -5.925353071088750312e-01 3.596352470233701859e-02 -2.601288059484701543e-01 -3.465146734953234442e-01
-1.592555833452253822e-01 1.584895102716527837e-01 2.558277699299760788e-01 3.155973626988525238e-01 -3.240920624222694557e-01 1.452961691305399150e-01 2.108060647149152811e-01 1.950490070596191949e-01 -5.048546547640698767e-01 -5.694959386831912607e-01
6.840424641719226873e-02 1.237179549399374315e-02 -1.318612495045271560e-01 1.381288990545761208e-01 6.297865857349867202e-02 3.607577159406233913e-01 3.890367153448883175e-01 4.000591544632444152e-01 -2.272326240052288115e-01 2.604399810720166020e-01
-3.819582070418423708e-02 -8.101139157882747410e-02 6.007382184604512232e-02 2.560686206200000342e-02 2.334586977702942934e-01 -2.019816890817211774e-01 -9.468610810944910749e-02 1.900000953718379570e-01 -5.447420320773529445e-01 -1.174866117429088364e-01
-1.786474360260369709e-01 2.460319943488885885e-01 2.351342147557906881e-01 8.383835645927624203e-01 -8.343285655906514109e-02 3.073081474607706684e-02 2.141752820233618348e-01 -5.878658709060036180e-01 7.485859474505986155e-02 8.405432803815604537e-02
-2.790297841709728499e-01 -7.085828205676025782e-01 9.388664285809911192e-02 -9.779374778860552841e-02 5.566459650329833586e-01 -1.521802193627382060e-01 -3.903547541295320777e-01 2.271208759927613452e-01 -5.702649626596946186e-01 2.860347400676115925e-01
-4.324229845053445542e-02 -4.539242090655635775e-01 -2.541050598602836302e-02 -1.119524479269995015e-01 -5.029722220396688065e-02 4.971314068738429404e-01 -3.288198304945008088e-01 -5.404588237314046362e-01 -1.642777554789800198e-01 -3.845172449112816814e-03
2.264720523589572321e-01 -3.214166182108878500e-01 -2.539540041485398580e-01 -2.586156103554981822e-01 -1.879598184486499790e-01 -1.384659907829430270e-01 8.754305122404766604e-02 3.972396635419381261e-01 5.087476765756279024e-02 -4.265164102604662028e-02
3.797352812061076666e-01 5.260389032947038190e-01 3.347720793110582349e-01 -2.112302680375878206e-01 7.723007368518490512e-02 -5.827403102510787525e-01 -1.129552548479417773e-01 9.924216340067842923e-02 -1.466758069537221487e-01 5.944397763586494188e-01
-2.604042967862718605e-01 1.774090044562915969e-01 2.661986653206638298e-01 4.736957892118711655e-01 1.215567887078369963e-01 1.504660516251186131e-01 3.690703656447618664e-01 2.749521687128633762e-01 1.615921744903651980e-01 -4.467370891256948473e-02
-1.730664811014001048e-01 2.824507020836424243e-01 3.275270605819905617e-02 9.089129864263430225e-02 5.155513756641168233e-02 -1.065887163234840139e-02 4.554484413112731833e-02 2.589634146874235099e-01 -4.951534139778335786e-01 1.749670061934393006e-01
-2.355459548793122637e-01 -6.162110107034843853e-01 -2.974705754738360963e-01 -2.391303181262614541e-01 3.932301718276132174e-01 6.568534494302272209e-02 -4.919117410342224161e-01 -4.520207814308785377e-01 2.178348416486760863e-01 1.555417160684688105e-01
3.579580349491476299e-01 2.194979546296250417e-01 -3.133539153768366559e-01 5.656234689813780525e-01 -2.954600960895256354e-02 9.813747169043827989e-02 1.584343307207750351e-01 7.216970088273801931e-01 -8.689204951584787381e-03 1.930256874594452332e-01
-4.280266475835172169e-01 3.903418016848050343e-01 1.355098360718683947e-01 1.180266562955544496e-01 -4.808315190989911891e-01 -1.546733482346392685e-01 -4.686112318821938211e-02 -7.001861894922614682e-02 6.701470987545589120e-01 6.944248596967553255e-02
9.258904298675103839e-02 -3.474099182948137687e-01 -9.545446999275354616e-02 -1.844624512311587583e-01 -1.255647882882098276e-01 1.545277764686226740e-01 2.770961591311201302e-02 5.240056508886113962e-01 8.182996608712543585e-02 -2.215632012747158486e-01
-4.964109204927433239e-01 4.458882988839416583e-01 -2.168599434050359764e-02 2.840783320190179428e-01 1.505145385865532537e-01 3.412701346746994657e-01 2.555034517724352194e-01 -1.043785603167561443e-01 1.979354560284867504e-01 -3.928249316310212236e-01
1.507450472947894915e-01 2.758303724820726499e-01 4.851390785352859003e-02 -2.452557463685414718e-01 -6.960782490147761348e-02 8.187536420583084729e-01 2.060893236860587008e-01 7.277729416153574937e-02 -4.386341367316461820e-02 3.459422650826545764e-01
-8.831861185600375919e-02 9.429467570327516868e-02 -1.886717701746393845e-03 -1.602672949428435301e-01 4.501062730326754191e-01 4.147576988525271124e-01 -2.129419188286496289e-01 -1.143952173147627475e-02 -5.175547859907166925e-01 -4.567207284589162031e-01
1.466181288449503461e-01 2.588920242206385058e-01 1.883913169773722973e-01 -9.482509455124482622e-02 -5.611164376991172320e-01 1.946454227835956174e-01 5.823048352614493967e-02 1.671303962800155807e-01 4.296652008178895588e-01 -1.523559105661473623e-01
2.291225177928041534e-01 2.892262861746175973e-01 -4.645846891516721561e-02 -3.597589546487133250e-01 -7.681461742365286449e-02 -1.957954146245597937e-01 -1.639725163613056924e-01 -1.842782026468331447e-01 2.643679546891144483e-01 5.496657055171013523e-02
7.261685995656512738e-01 7.157907187625724144e-02 4.161910882472548701e-01 -8.956935254070223784e-02 -8.550558967680512712e-01 -6.501319640384541597e-03 2.881387372082920839e-01 3.174256632947337620e-01 2.130823696681138912e-01 -2.869651212609637958e-01
2.561672966991886402e-01 -1.019551294916616196e-01 -5.267979182049289388e-01 -3.890414664170698672e-02 -5.040107356011175321e-01 -1.545419622026096285e-01 -3.220498252974209746e-02 2.709078732702475123e-01 -8.478566727119947466e-02 -8.817801610510772603e-02
8.578662977633275122e-02 1.750981906249034561e-02 -1.992495929552081935e-01 1.085574839078770337e-01 7.906165098453044049e-03 4.831249793154581210e-03 -5.624532589944681860e-01 -2.344700162385479625e-02 2.441864217344488219e-01 4.158759812565655106e-03
1.033392552798475389e-01 1.447072838272144280e-01 5.772315003881633988e-02 4.697250780733753794e-01 3.251859763784808455e-01 -5.144640454291325993e-01 -2.389955711050512910e-01 -3.455592004207733159e-02 -3.642270269012988226e-01 -4.680096682134844976e-01
-3.406487282188581101e-01 -8.623613993409776080e-02 3.965841842808197071e-01 -5.609155575622762346e-02 -2.373613080520518281e-01 2.196507507104337176e-01 3.138616691705500283e-01 -8.258298271984931826e-02 2.377291579743902594e-01 -2.340494244797368673e-01
4.296826749958156388e-01 -2.694947969028457235e-01 -9.581266204351669702e-02 4.976191530116404471e-01 1.270416079554439193e-01 1.378552003343064269e-01 -3.234108489639502815e-01 -3.063251770333804136e-01 -3.692774620021181953e-01 3.905034942630852823e-01
4.409403768131132106e-01 -3.681380941163707732e-01 1.770807443185689056e-01 -1.405461607195007956e-01 -1.930047280784016189e-02 1.020297156747407147e-01 -5.802240317113444013e-02 -3.547487339181878419e-01 -1.453501303304597925e-01 -1.144885675629533500e-01
-2.006045467194052523e-01 -3.248812700990326430e-02 -6.273712781223018675e-01 3.632993984523302244e-01 6.595223399231607830e-01 -7.740560084176086042e-02 -4.401370284049610504e-02 2.572428553784283922e-01 -1.176118839261696206e-02 -8.254507317370943231e-02
2.339447058580626793e-01 -2.843213045218736523e-01 7.284321342050348314e-01 -1.603866384625674824e-01 -1.562357470921175995e-01 2.755470691629343105e-01 -5.657773339254532630e-01 2.256717094031167048e-01 1.062665469456409439e-01 -6.535483319730102381e-02
1.743127778057184107e-01 -6.019802014733629525e-01 5.247171386583964203e-01 3.572656183724376988e-01 3.989747478647957812e-02 -1.706605910551357574e-01 3.781593407326331313e-01 4.118941601093730753e-01 1.119565566974837639e-01 1.625571399819311091e-01
2.449448801010846999e-01 -2.142174906141924573e-01 -1.604850613347025279e-01 1.494216369645504916e-01 -6.607183593287915824e-02 -1.874452353031038909e-01 -4.509981262033846972e-01 -1.771841142911916855e-01 -5.624712800895772524e-01 -2.470080170620663762e-01
5.144120869555066089e-02 -6.392559786031037916e-01 1.029121890507233433e-01 7.754823849838693439e-02 5.990480225196088970e-02 8.687084716629729642e-02 -1.245681599335130285e-01 -8.509558437012743060e-02 -1.610938767931413551e-01 5.995976914111287304e-01
4.496953659821929100e-02 2.868624976753894051e-01 -6.062106740192575033e-02 -1.137694525609443952e-01 -6.545438750775385561e-02 4.216573725087886526e-01 2.796729931574638006e-01 -2.603059215216427247e-01 3.181463488964064723e-01 7.401475453580853847e-02
-2.221075270743212704e-01 -7.864460846702772678e-02 3.909330461577913141e-02 -4.600575372629715082e-02 2.412445858822052092e-01 4.864803045971947126e-01 -4.563275289153104208e-01 3.882228407779806378e-01 -1.226306455069018780e-01 -2.169955787408922032e-01
-1.717197696465318224e-01 3.923820500054849281e-01 -1.164466163070662225e-01 -1.585419267423827938e-01 4.591517684625623374e-01 -2.708802211554080519e-01 -3.351952368152814610e-01 -2.666005581421608817e-01 4.531605034864834014e-01 -4.788562741901017938e-01
-5.605279484478585816e-01 3.586255458034748322e-01 -8.144806188006102621e-02 -4.876796193965174386e-01 2.150419192997917728e-01 -5.026675487399548392e-02 2.139609901549530957e-01 5.999315319051311268e-02 -2.712984379436289561e-01 6.235029072730998712e-01
-5.255593599858689180e-02 -5.158375493227329578e-01 -2.363646470647957076e-01 1.726925712581016750e-02 5.446150703471356325e-01 2.116314083597499451e-01 -9.663333727815696939e-02 3.103167770162903460e-01 1.786518346735365970e-01 4.692373721293459088e-01
3.834282022850583616e-01 3.623659432976301664e-01 -3.113093628713554106e-01 8.642341141509617131e-02 -1.398617424530010367e-01 7.403990866400550486e-02 -6.465841139591698150e-01 2.094817397020894978e-01 -6.680926470515141657e-01 -2.557765642050245369e-01
6.362462628999614456e-01 7.308650129331248357e-02 1.512347909649298106e-01 -3.421980986146500731e-02 3.250249603203037019e-01 -2.102894507602749152e-01 -1.272370313286258492e-01 1.664564222985873698e-01 -1.394049138509198815e-01 -1.274260943264658892e-02
1.298516344022868640e-01 -1.379057287306338087e-01 4.141682225082214674e-02 -6.525727568749597474e-01 2.719634304482076992e-03 1.225337736210779099e-01 -8.736405235429667293e-02 -4.053936776014728793e-01 -1.791048086250837112e-01 -1.028431381287187030e-01
3.985264306823089187e-01 -4.669820615552598420e-01 2.672745588762548419e-01 1.408881573463816872e-01 -3.504912562288536870e-01 -2.736932681584871574e-01 -6.102287158863688166e-02 2.903496697306680030e-01 -1.470868115426298903e-02 -9.215578748333534687e-02
-1.067138044569662103e-01 -5.209069163067464245e-03 -4.512359189905213452e-01 -1.244276166323250721e-01 2.998982926746225353e-01 -4.255765640076511480e-01 5.039264497815415522e-02 -6.591605783321709267e-02 1.458965466858034854e-01 7.536102364786876340e-01
-6.871090286219599941e-01 5.396992743858355967e-04 5.768007604632306023e-02 8.172644489183572558e-01 -4.137282743966365084e-01 7.732398461869147144e-02 1.888473407236668788e-01 -1.432339993858379179e-01 4.351990937140782223e-01 -2.119826945933420137e-02
2.983856801984672846e-01 -6.694021376154381253e-02 -1.653113422960004152e-03 5.324038067042334843e-01 -4.022127883884881738e-01 1.687550395213241461e-01 -1.683380439475071905e-02 4.045757946919090187e-01 -5.365789130783107236e-02 1.107232259038211791e-01
2.095448593581514599e-02 7.565927387660886794e-01 9.874895494831856801e-01 -1.194778789160268195e-01 -2.486646583224180196e-01 -3.701885487411520348e-01 -3.812056824788947473e-01 -2.485415778487149244e-02 -2.613266084268655032e-01 -7.972653924103791923e-01
-1.063640705432548905e-01 -7.697429759876746325e-02 -1.641616831882335981e-01 -9.672500387685326051e-02 1.102542604646853108e-01 3.455813588877411080e-01 7.747086117289089802e-02 4.093038545650139470e-01 8.309728145479156058e-02 -1.085277443938007236e-01
-2.120604356634277210e-01 -6.282363374198857153e-01 2.655282081034177621e-01 1.593726401632332978e-01 2.270693880297399228e-02 -5.336158660096523842e-01 -3.663922450698489652e-01 -2.002684858355125927e-02 3.147146371871562542e-01 -5.556759770092304374e-01
-1.049406138322338394e-01 1.948685766301094524e-01 2.223231356814575066e-01 3.544804804642626150e-01 4.803503795140139365e-01 -1.855864898229659388e-01 3.513136509084822667e-01 4.953181570472477979e-01 -1.222717192527580932e-01 -3.173668269913836881e-01
-3.338812112813268063e-01 -2.612149978964584118e-01 -5.065621837202650690e-01 4.928191458687147808e-01 -6.526495613468846768e-02 -1.890045995439948445e-01 1.294067490523964914e-01 2.688862974456486254e-01 -3.177682413659403959e-01 2.204355029539618524e-02
5.610748896862003399e-01 -4.926182996616891852e-01 4.274232244234525968e-01 -1.532905905887530507e-01 -2.660710795724869904e-01 2.017500674038860686e-02 -1.915270973904259766e-01 1.048287558449369911e-01 -1.893977670128854096e-01 -2.095473643020136501e-01
4.164435345967320568e-01 -4.930652851813684470e-03 -2.195685022258420660e-01 -8.097476151296054137e-02 -2.308604870332231843e-02 1.617604850389474935e-01 3.159764899865542542e-01 -3.861443283222097955e-01 2.479924109467853688e-01 1.839784793304988786e-01
-1.122776028566072754e-01 -1.216162021814604782e-01 1.047932302681086475e-01 -1.779701223409454469e-01 3.253841412641950703e-01 -1.304579620663552653e-01 1.573865712182540566e-01 9.650578805063833587e-02 2.643572950627678386e-01 -1.382207276471961455e-01
1.121219818865485246e-01 -4.299641239447692109e-02 -7.065198692513752210e-01 6.339546254102211564e-02 2.890580243896830326e-01 -1.792310776577044351e-01 5.976984398144185029e-01 -3.879215173325359367e-01 -2.659071356759088456e-01 1.255263824893643854e+00
3.188986400183087266e-02 -4.344824626241257093e-01 -2.905100364802263857e-01 -5.108599555446269314e-01 -2.903143975500043217e-01 1.575183837753418303e-01 -1.983618516202645121e-01 -3.354550856321680818e-01 9.593253240588121844e-03 4.258930597664477291e-02
2.381008824323727069e-02 -2.893884266663133142e-01 3.972751773891625149e-01 1.568496041023939025e-01 3.193061365774777505e-01 -7.094306659240202928e-02 -1.376161284235075111e-01 -2.642852611470912216e-01 -3.657731851711000237e-01 1.033813864996892207e+00
-3.857397939134016296e-01 4.576323614627889613e-01 -2.746602830356709157e-01 2.542502223205149736e-01 2.436239069862370515e-02 5.082719587917944315e-01 3.412606448580683405e-01 4.875806508971896602e-01 -1.270983454167659288e-01 1.793871429622031013e-02
3.773818749248292748e-01 -1.757030906719952157e-01 -1.018049674923209302e-01 -2.370149787781522799e-01 -3.516533334949753509e-01 -1.061475082328608571e-01 1.456621775822171394e-01 4.519856811423639265e-01 -1.468684126635906584e-01 -2.856110714062521372e-01
5.625509873633177671e-01 -3.253925134689233944e-01 2.268341940234220033e-01 -3.982488327350836577e-01 5.845926241995618167e-01 2.141103996059190162e-01 -2.647419489605568610e-01 -1.543259296848318793e-02 6.651404154065904129e-01 -2.845090770721073747e-01
1.900555493157018994e-01 -2.314063456359218007e-01 3.874405636059322644e-01 1.922584520852653189e-01 1.839930735275699114e-01 8.323404262921983710e-02 -4.155020310660778593e-01 4.747821491458481535e-01 -1.288401292035691592e-01 -2.523162806105335720e-01
2.163224250284849215e-01 -4.513337756752600766e-02 2.887172674373089110e-01 -1.466135404777388906e-01 4.118032968985650966e-01 4.377498690299732043e-01 -4.408550479841296527e-02 2.209136358906801378e-01 -4.404060811825468713e-01 -4.521408122721890521e-01
