-7.073894314070049916e+01 2.926050893928741559e+01 -7.371057584368071502e+01 -6.834739803597925345e+01 3.611929687692415403e+00 -6.465005012839850451e+01 5.061296705260127027e+01 5.032506421440951527e+01 3.617206694562686664e+01 -5.605218838860868402e+01
-7.094684683252386037e+01 2.922471582307730031e+01 -7.298013680428611849e+01 -6.908464830675286805e+01 3.122199545031153267e+00 -6.506948071686755952e+01 5.078420457252065745e+01 5.070084294736759034e+01 3.527558292887697888e+01 -5.612334609235200844e+01
-7.024975407881606770e+01 2.871636344381785833e+01 -7.328251426442376726e+01 -6.869313991578447087e+01 3.860684849522234785e+00 -6.441181423628631819e+01 5.123289639197362533e+01 5.070655260545966314e+01 3.573274143948447090e+01 -5.607092941418234489e+01
-7.066765414115894828e+01 2.929942260475387528e+01 -7.321678345767494989e+01 -6.848453459740981941e+01 3.052753266288947831e+00 -6.438763671662525212e+01 5.079288230119204428e+01 5.074659155003926259e+01 3.493553346199310283e+01 -5.625480319745382474e+01
-7.029070447157751289e+01 2.911663426334931870e+01 -7.299977298727472430e+01 -6.844337595735633784e+01 3.573767401209909877e+00 -6.434911419442919112e+01 5.171062046078831287e+01 5.071394898031315535e+01 3.555494363923939716e+01 -5.517639720002954107e+01
-7.024730679953401591e+01 2.912155902290347598e+01 -7.312353017701273927e+01 -6.820229767832782386e+01 3.697798887855239691e+00 -6.433145343861171739e+01 5.046373338513932794e+01 5.106416319138707394e+01 3.579658079322447151e+01 -5.538829033315951023e+01
-7.057217236565166729e+01 2.874716761998459091e+01 -7.345972170067098261e+01 -6.868879712578183216e+01 3.427125525321550015e+00 -6.482071647688221105e+01 5.115823165145878448e+01 5.072271704551108229e+01 3.575234450274688669e+01 -5.573841467121997084e+01
-7.077548871433982924e+01 2.926558191233336004e+01 -7.340962141393302431e+01 -6.911358024229808450e+01 3.023387637698464747e+00 -6.424110052622786782e+01 5.116029844865428089e+01 5.064948196144599279e+01 3.611364998967274431e+01 -5.584164963616395028e+01
-7.045365127291735519e+01 2.903950092669559524e+01 -7.306597410287695027e+01 -6.866039945282160772e+01 3.126961274466795615e+00 -6.508142382092187006e+01 5.068793911679901498e+01 5.128363760905865831e+01 3.535561537397941834e+01 -5.651208342962321041e+01
-7.020187635424019845e+01 2.887696358027132604e+01 -7.311197648864238374e+01 -6.817594761188462371e+01 3.734084424252897882e+00 -6.462883701568559047e+01 5.107020110224883069e+01 5.052139173026401409e+01 3.561740376183149692e+01 -5.550852669163388242e+01
-6.976565548479186418e+01 2.873498003701453385e+01 -7.336873926332637552e+01 -6.856524984998368666e+01 3.577993992034589787e+00 -6.441341737976014770e+01 5.079610286504214400e+01 5.034775490951206223e+01 3.526540461043416030e+01 -5.596960294391629276e+01
