2.481330611196773950e-01 4.330551651071502528e-01 2.769084434082010882e-01 -4.685754194061137468e-01 6.020398273624799623e-02 -7.381246768227069099e-02 -1.781734805914505226e-01 -3.629780455273169393e-01 1.149694797579072295e-02 9.058567099806646983e-01
-4.304727281466094180e-01 -6.299500578818285901e-02 -1.144908291558121155e-01 -4.392987274970269196e-01 9.747406083475685934e-01 2.954485889179466196e-01 -1.858013784609307065e-02 5.639507201010633963e-01 -1.904869789889889753e-01 -7.222641601892497432e-02
-2.364225754203247432e-02 5.808824530524526741e-01 -1.370810931951060851e-01 -8.931785407919314024e-02 -8.866342372951233064e-02 -1.005318372461667942e-02 2.138708879755082948e-01 -2.502219565232410292e-01 1.589114381574198154e-01 8.411714114542882814e-02
-2.043503890565818992e-01 1.576379562014125768e-01 -1.102960552995241594e-01 -1.295491334135797923e-01 1.686646531855483522e-01 1.336609799803505083e-01 -2.002770318644394362e-03 8.068227083295979873e-02 5.345751013293636306e-02 -8.438168903462542336e-02
2.838339252150635650e-01 -3.250675400877841015e-01 -7.621685116389316506e-02 -4.656286856185429257e-01 -3.911821676044802132e-02 2.687785547027206068e-01 6.101240839255622772e-01 7.917037610922386670e-02 -2.151681746691188057e-01 1.404429796107722721e-02
6.083264802937057292e-01 -2.106843528484472483e-01 3.825706698732675992e-01 -1.595562832841159184e-01 -2.088353322027190206e-01 -1.970399861807118069e-01 -3.049060205642928900e-01 -4.361848326594903735e-01 1.675822475433548231e-01 -1.580347681024291129e-01
2.035495332637887178e-01 -2.126627921386883002e-01 1.091872263817785654e-01 -1.537953563254621479e-02 2.418372874084187898e-02 -8.727998547162667264e-02 3.735200253462045428e-02 -1.781058920251636368e-01 9.153226791015303676e-02 -5.497058407712921424e-01
1.613775145320628102e-01 2.744190256093406166e-01 4.241155581574413413e-01 -2.750623357315773454e-01 2.863679076735930473e-01 -6.281751713584866892e-02 -6.057423777975567969e-01 2.055017813773963864e-01 6.707358028823811047e-01 8.969935122708300179e-02
2.465462205676670904e-01 1.457899482010243108e-01 4.494475248177024623e-02 2.589258596139861202e-01 2.616491352921099800e-01 -1.899586330385023558e-01 1.646862129304071665e-01 1.591902349233169922e-01 -6.567981485287274213e-01 -4.171834276470877123e-01
-3.566487930114149441e-01 4.330266067496694182e-01 -3.583737567446940719e-01 -2.113365066084315069e-01 5.032261293118078793e-01 -4.063358823454799734e-02 3.068953707611529191e-01 -4.082062562505990866e-01 -9.215013012027910289e-02 4.032522084185837241e-01
3.286639792899079260e-02 -1.076377263043563487e-01 -1.504964006429112822e-01 4.419605204746945848e-01 1.034053380077248202e-01 -1.684590790334871413e-01 9.117342600637265426e-02 -4.155005510494926835e-01 2.487433579755529978e-01 -2.340953038483819804e-01
-1.498801885937083578e-01 4.356864928510662538e-01 -2.079760222985047036e-01 -2.505566408610975238e-01 -1.082092133453853994e-01 -2.735174994025148520e-01 -4.051805865314033195e-01 -7.512247271410640859e-02 -3.209850961756807175e-01 1.040377653124757024e-01
-4.627964574024269195e-01 -3.936281871886602168e-01 1.332034548247115757e-01 -4.491866511764959491e-02 -1.141910254969438349e-01 5.905095477115020891e-02 -4.143276730558774490e-03 2.121506468217818908e-01 -5.610421596572685576e-01 2.205056003083740584e-02
3.796073695327957243e-01 4.270917406790193938e-01 -2.778309281717664669e-01 7.817345824546712008e-02 3.998510467311207073e-01 -6.001593241107106014e-01 1.910612409881425333e-01 -2.188272081295061441e-02 -2.511300191421375616e-01 2.567936703253443920e-01
-1.658244510839968766e-01 3.304271466053379513e-01 1.748225461970421002e-01 -2.894433942694107365e-01 1.971153114456329070e-01 -4.941154273426333621e-01 1.716153715981470207e-01 1.967312201478117473e-01 -4.169807970836753030e-02 -2.224857809013647825e-01
-2.617674329436005531e-01 1.591358958116935174e-01 5.774839838961293853e-02 4.632853021002010796e-01 1.238178639814496718e-01 -1.629568417776370015e-01 -1.427806677143883263e-01 -2.925718410625554600e-01 -1.485381191659221611e-01 9.044032410248722953e-02
3.513678160120707883e-01 -4.026709586331781998e-01 1.528799241701460365e-01 1.640840899744418213e-01 -6.007725761880509108e-01 2.782482887852563147e-01 1.012567976053481561e-01 3.444345963945349975e-01 -4.356477818512803357e-01 -6.885054789203338688e-01
2.642825670249880632e-02 2.799539451983869276e-02 -1.994817606951193034e-01 -1.333323988919093150e-01 7.576907355370199326e-02 -1.187760492991667138e-01 3.291512916046593351e-01 -1.625477734726384071e-02 -4.548854085722221496e-01 -1.064991063645047940e-03
4.481527309300639139e-01 1.474754408563974106e-01 2.271819310458040309e-01 4.408817337378401757e-01 1.662944303361467702e-01 4.275931418823807895e-01 3.776578150531037514e-01 4.660043860927563508e-01 -1.798044527133118090e-02 -9.781871523863010232e-02
2.786611575043495548e-01 -2.375363671006566202e-01 5.333332180116906462e-01 -4.142925905042081913e-01 4.418109658249776972e-01 2.131763650487522935e-02 -3.528341660098511245e-01 -3.721795476337108610e-01 -1.361274588563815280e-01 -1.203417540285210696e-01
-4.790975904559005571e-01 1.573620689119122618e-01 -2.118433711832023447e-01 1.967388889391449847e-01 4.015309179238928938e-01 -3.698865622017416532e-01 -2.408257366114458509e-01 6.120483692167408840e-01 -1.981244288466114944e-01 2.067515843096939254e-01
6.245113166029205853e-01 -1.893576246730148405e-01 -6.083723105210091520e-01 3.478987478556629931e-01 6.171381360661453153e-01 9.455811780295600433e-02 -2.257980986598540074e-01 6.129868145159522025e-02 -2.046592346200330759e-01 -5.356038205187774182e-02
-2.276507412920759088e-01 -9.110053480377644508e-02 -4.260807217985296269e-01 1.848722952758666549e-01 3.170596841288067513e-02 4.195590528507027184e-01 -2.861367877484496947e-01 5.692388972476480902e-01 -2.269506091240353352e-01 9.657175579938833548e-03
-9.006598313807475664e-01 2.820889763507453130e-02 -3.237575513051300646e-01 -1.720991804066131503e-01 7.153327264905084970e-02 5.751457721624568808e-01 3.100756812459193323e-01 4.915408387884632746e-01 -1.493279076410592987e-01 1.465682181547985075e-01
-3.270913312545242202e-01 -1.131273031726246457e-02 -5.352146949209893867e-01 -4.226469958386929182e-01 -6.815363776003405816e-01 -2.958372981599522930e-02 -2.792051908264340243e-01 -6.337002605222183393e-02 1.873603123657670289e-01 8.503177676843707289e-01
-4.946751894706776231e-01 -5.162753755746481155e-02 -3.795891381591689345e-02 3.069944319233631515e-03 -4.373732237403331613e-01 -7.312631085306671441e-02 3.275625897625902283e-01 2.218688490939163260e-01 1.969823262173022449e-01 3.125493570288486733e-01
1.307112811480884151e-01 5.485441106438033732e-01 1.026604874609893248e-01 3.245599528491794478e-02 7.228588341115678439e-02 -1.851469554485627722e-01 -3.153369237573797612e-01 1.706306178956409902e-03 -2.944111533020827842e-01 6.603508947760663439e-01
-7.261983916448760956e-02 -1.065784170301101730e-01 -1.839681048561209453e-01 2.348246414367045898e-01 3.132567409410297321e-01 3.568920368674331073e-02 -4.956159259712069470e-02 1.423348414196911327e-01 -5.609912922782208655e-01 3.290081146979126903e-01
2.103995357357283658e-01 -1.623752372774950326e-01 4.205867152586337254e-01 2.532044984863015546e-01 -8.699216195058398493e-02 -5.008753143408615355e-02 3.001551067925092298e-01 1.751114987053034033e-01 2.417485076979103420e-01 -3.741750724065067701e-01
3.122166513148023070e-01 8.780805753433584826e-02 2.134759497932128547e-01 -2.839289746754986021e-01 1.969222144145512110e-01 -2.034576562570302449e-01 2.738910237043096774e-01 -5.444300388228024562e-02 5.563192693847713866e-01 7.408716098079824730e-02
-1.560856088074107084e-01 -1.673772997307726162e-01 -1.432497500115800237e-01 3.231158143916601500e-02 3.441953324278796966e-01 -3.802852936086755647e-02 -1.550094179277687334e-01 -3.811655243870151755e-01 -1.318523299130801851e-01 -1.631081738178877250e-01
-3.555162651822385556e-02 5.482599538397552735e-02 3.045196087052251532e-01 6.856930338341173936e-01 4.921976363578689506e-02 4.966597980042872923e-02 -2.416871741584499522e-01 6.966195652728017496e-02 1.461070331752610807e-01 -5.949865264611774451e-01
-8.550283222180173059e-02 -4.386153057749295203e-01 4.334142293432867443e-02 -5.858488468571441121e-01 -1.269818179107128076e-01 -5.228128444973309530e-02 4.613784283705521516e-02 -1.535529173996284802e-01 -4.745878460725801162e-02 -6.449088358260454124e-01
2.757652082785060910e-01 1.309650126097841039e-01 -2.886970025230349846e-01 1.999246680116980313e-01 -7.743371892614797636e-02 1.366844285967151740e-01 1.921950909215481007e-01 -1.622162586326628131e-01 -1.881629107718122140e-01 1.250199637222978999e-01
4.180970061188644255e-02 -7.491116576835160634e-01 -8.165478021209031378e-02 5.195985866028991484e-01 -2.012355319596576819e-01 -8.611177180580473559e-03 -3.072550920672185715e-01 2.750002369386376211e-01 -1.676930368248486791e-01 2.022142256154013940e-01
2.969178251036367344e-01 -6.474311908891219880e-02 1.927569042943267363e-01 6.454244983890865262e-02 -4.497169263098097641e-02 6.641714718826277064e-01 -1.887592738599361622e-02 9.970880320136951691e-02 -4.205400517674342531e-01 4.241405729086837884e-01
7.197809475800069634e-02 -6.478208333663086627e-02 -3.997986261668269314e-01 -2.829253671382957538e-02 -8.074852476278304714e-02 -3.577013973568799465e-01 -4.564728491194371962e-01 3.022331574334711363e-02 -1.671850877777546485e-01 -5.911472085435141161e-02
1.723790155585161188e-01 1.699051774891138789e-01 -2.561082708455225676e-01 -2.893535323024956085e-01 -9.442431254227948156e-02 -6.061986980745961984e-02 6.688899060558668730e-02 -1.373023904449518218e-01 2.054583071002117900e-01 3.242306782737167659e-01
2.198233184336391699e-01 -4.384480932163321021e-01 3.083709426195259118e-01 -3.820490226592519051e-02 -1.991359350647101401e-01 -1.474802296251026268e-01 -3.804824134460301453e-03 6.259448843793240930e-03 3.152586962688417871e-01 -1.392091989490426007e-01
1.580434922436416978e-01 1.210571032345365838e-01 -8.092655281513629062e-02 2.388665534980343730e-01 3.674316762228869715e-01 5.930581139901622278e-02 4.328465185986719588e-01 7.828336534636366750e-02 3.623214026158499274e-02 -5.386142323027302836e-02
-2.199338287353442833e-01 -2.825362050457331121e-03 2.018259012194098187e-02 7.746932484293703181e-02 -7.342993160733600477e-02 3.943124674039489297e-01 -5.115380885269487088e-01 4.494982843055965738e-01 -1.839857457479022185e-01 -2.058041578267945926e-01
-5.237462427507827423e-02 2.306415047901410054e-01 8.658879947909850494e-02 1.810549781571732303e-03 5.248172165135875922e-01 -4.752426328598904348e-01 1.057552575078590351e+00 -2.049601451753976511e-01 2.356011356378272525e-01 2.486312751542572863e-02
-3.341302889061505410e-01 5.759907347953255874e-01 1.769897524017728374e-01 5.374584039869705343e-01 2.969194706857005706e-01 -1.057709472104913367e-01 -1.880848316474383053e-01 -6.696885558748182365e-01 -5.401203475989464486e-01 2.483258252795906840e-01
-1.425967492125263802e-01 3.311390050776036320e-01 4.401997530885285587e-02 2.925694280892345289e-01 -4.279671067106943783e-01 8.267176206147430761e-02 1.091115414262478350e-01 -1.591441745521684215e-01 1.043948541394703333e-01 -4.786800173788480217e-01
1.321983910692744735e-01 1.296729290948319124e-01 5.649178326548148776e-01 1.084552528245274622e-01 -2.028867464620067174e-01 -2.334282925117248456e-02 -3.214790921715395267e-01 1.338516109649504904e-01 5.990395688888866532e-01 1.787797667354556752e-01
2.841629360087563616e-01 -4.307614152551306197e-01 -1.351978741359281255e-01 1.611427449079375351e-01 -6.244375155745177652e-01 8.033412272460331571e-02 1.247049578719520296e-01 -1.896187519121538267e-01 -5.162096820075479098e-01 -7.466596278277113363e-01
6.796443823569417453e-02 -2.433258983057599023e-01 2.239733052975305672e-01 -2.363636400016856931e-01 2.957157796041430184e-02 -1.557221236082731997e-01 -1.081025190619287236e-02 -3.604027833159223482e-01 2.760947235801536337e-01 -3.742884627139699272e-01
-1.016968126033952584e-02 -4.379687652002000608e-01 -2.568899904882012211e-02 8.382943708024205576e-03 -1.985651851720416361e-01 -2.921876369683536478e-01 8.512286233365676247e-02 -3.337487440599912203e-01 8.076297527132018234e-03 3.150263253714924994e-01
-2.021800031811427367e-01 2.352588799210335868e-01 -1.254666458260537687e-01 5.484559921224089196e-01 -2.593688722476559794e-01 -3.729145291095563031e-01 -3.551706539746674607e-01 -1.109738903823904443e-01 -2.616308992197877714e-01 2.775392264538545373e-01
2.504209299921211773e-02 -7.256002573482847606e-02 -8.199295750469610955e-02 -3.752113958890518353e-02 9.411526280210437412e-02 5.435848497676588897e-02 -5.640352367374912301e-02 -4.306014273940830805e-02 -1.722078822165040157e-01 -1.577857585869110735e-01
-3.684159717480308682e-01 3.832421615984167584e-02 3.535017716344850403e-01 3.588758508484490850e-02 -3.799611023360722345e-02 1.494421941483191352e-01 8.294744456267473531e-02 6.830220974609571005e-01 -1.595997931688465654e-01 5.226913692617458640e-01
1.684603405815463251e-01 -6.903729875794753501e-02 1.397516036136893791e-01 -1.819686327855615793e-01 1.300727699541794347e-01 1.338557933771651887e-01 2.956359258415320879e-01 1.544957538583141832e-01 -6.807181057804927438e-01 9.101154777214678221e-03
3.276143734332939011e-02 1.939782211278986701e-01 1.970188073002464846e-01 -4.545414786250080441e-01 -4.336259663665463782e-01 -1.248615130799905493e-01 -3.382050870777627560e-01 -4.949094171214635240e-02 3.011306914395480219e-02 3.843993698659400327e-01
-9.866551646366802930e-02 -6.387251769436291804e-02 4.591964780433793053e-02 4.127907718650852820e-01 -2.322776813762018333e-01 6.876664505799333638e-01 6.041498164471761911e-02 -3.931104480042724725e-01 1.729960393445058309e-01 -2.133060123472900194e-01
-7.723892614437122273e-02 -9.329453490622807710e-02 -2.276249638851703949e-01 9.290729377211103673e-03 2.096205640623205746e-01 -3.420596311275801993e-01 4.717537606558662167e-01 -2.674093391292740041e-01 1.946884971955217258e-01 -2.869130349031411287e-01
2.719154458981667410e-01 4.196967359647550411e-01 6.088856457383098331e-01 1.796527800268583538e-02 6.070047048999170636e-02 -1.395075054984838692e-02 3.138938358306503362e-01 -2.770972015032983626e-01 -4.764841641268825756e-02 -6.585633263630438217e-01
3.538797387109369336e-02 -2.802304308578727476e-01 -4.308425601239362912e-01 -6.876315395294972932e-01 2.116721520820937230e-01 -6.408264569471897043e-02 2.089752335176990883e-01 1.154743534783590070e-01 6.896828585519233779e-02 -3.164451481038530467e-01
-1.080162804547067507e-01 -7.354178488635304545e-02 -1.598835951769094210e-01 -4.560444499608976021e-01 1.944831621687753975e-01 3.487132465402441039e-01 1.314204869866268943e-01 3.688627489078147303e-01 -2.374192395527482680e-01 -1.149505331836619265e-01
-2.844388629561310222e-01 -1.431441249645825919e-01 6.288474209598339248e-01 4.357240531986866783e-01 4.053119360504823243e-01 -2.306370454251611413e-01 4.423892124964583727e-04 -1.319125163793506417e-01 3.394648834319099473e-01 7.275818260169522600e-02
-5.698183835636743133e-01 4.588768567498156536e-01 2.971304127324532196e-01 2.609287424029012054e-03 1.946817446868883417e-01 -4.848715307963799570e-02 1.795360151707902363e-01 6.551147318202875658e-01 -4.116725306513802085e-02 -2.114944299130613325e-01
5.463662952314050220e-02 4.337244789978967341e-01 -7.304081761305694642e-02 -1.080535869501230003e-03 -2.170915855546241280e-01 -2.615205256077260954e-01 4.152241397722270660e-02 3.305349958605094396e-01 1.490392327246110871e-01 3.985845130026823835e-01
-6.512141829525115722e-02 2.805068521880304047e-02 -4.547187135710367700e-03 -1.702522531888314983e-01 -3.692825531519962068e-01 -4.704050375150080621e-01 1.954068276646526159e-01 4.767492100084360640e-01 -8.492122168081449596e-01 6.901176074230352953e-02
-2.287121672435186992e-02 5.524436994995499672e-01 -2.353946920050747349e-01 5.919490856789154654e-01 -3.043299337481645828e-01 8.210941974285279610e-02 -8.540780046627909072e-02 4.126834888180267585e-02 -1.570431617651091294e-01 -1.421132142709397306e-01
-2.166702419376152489e-01 -4.162842419712023956e-01 -1.070926162515217217e-01 2.124066474680042227e-01 -1.709358786221887860e-01 -2.523027427038130877e-01 -4.003445463875518473e-01 1.540481927503591086e-01 -2.661124501062313019e-01 3.372540706144359079e-01
1.454447049404949399e-01 1.117472773305528411e-01 3.667119706159165798e-02 1.236350143580845218e-01 -4.583219642626450846e-02 1.462356959653458577e-01 -3.453222622131844610e-01 1.210341183624251554e-01 -4.005234829814527386e-01 -1.475743504708687537e-01
-3.461377547990435177e-01 8.044843419878279500e-02 -1.543439180430235813e-01 -1.150283889774385976e-01 9.929014912467819254e-02 5.087226825970827537e-01 1.047795236797860741e-01 1.833120787439160015e-01 1.878343430098473876e-01 -1.714205692706425310e-01
3.636437673636565004e-01 -4.022251347471783589e-01 3.831799479300643935e-02 -5.954743705282257160e-01 4.449843602551109556e-01 -4.894453390707612650e-01 -3.010250578759784967e-02 -1.589166739776045056e-01 1.199689007110371353e-01 3.595004284142497841e-01
-3.121427407029893630e-01 4.521756566517110554e-01 -5.639186229136013973e-01 -3.878224353273148628e-01 -2.891287739355325598e-02 -1.164282535282297748e-01 1.791126676057704648e-01 -1.262477253275001189e-02 3.388833380269838380e-01 -4.368141660623095501e-01
2.075372979402756446e-01 6.048776265944211250e-02 -7.192228020089981300e-01 2.795758642038941311e-01 -7.508475238572738519e-02 7.062512912703829138e-02 1.853927504414149274e-01 -1.402068327959077876e-01 3.054055048125427219e-02 4.382121631988620258e-01
-2.984854096993798112e-01 -6.801260257560333422e-02 1.881873457098915126e-01 2.942443735709875385e-01 3.795732843082039731e-01 -2.831001439298473921e-01 -2.183585784922506268e-01 -4.570826079155662636e-01 1.975644077536417020e-01 -1.085209671588742708e-01
3.201511097767965608e-01 -6.193231430613053458e-03 -1.776382824793665549e-01 5.993388856916195134e-02 -4.319548574285911324e-01 -4.041365950690558595e-01 2.797571007083519690e-01 -3.037918047184642312e-01 3.011430691793727174e-02 -1.149393112056665556e-01
-4.425306516790813993e-01 1.067989351387109154e-01 -1.029844247605741503e-01 2.147561874650654734e-01 1.352537805636367108e-01 9.587463536844270662e-02 -2.076035040381521424e-01 1.007211057078328947e-01 -3.291046157214952972e-01 -2.435994043692043809e-01
-4.058206166478942611e-01 -2.803690546168106090e-01 2.418584157033048798e-01 7.542606238369939375e-02 -1.424781696425116151e-01 6.229564184773078717e-01 -1.805652407565491446e-01 -1.308583136555926951e-01 2.734063778261564548e-01 2.144809684841476327e-01
2.204313405926941194e-01 3.675875487322213253e-01 -1.270231729428508149e-01 1.872607113448290506e-01 -3.124015107405638814e-01 1.649017790023738217e-01 -1.678309105557981018e-01 4.143450882690440373e-01 2.298716194754952813e-01 -4.195889198863975156e-01
-3.854037427095363122e-01 1.647760851989519826e-01 -7.192863963388572424e-02 -4.765803806454033120e-01 -1.257743910534987464e-01 2.720629127975704442e-01 2.023248988700038914e-02 -1.586217219332153594e-01 4.006182919186317970e-01 -1.091799139324576701e-01
1.646448164257638125e-01 -8.154126226871796779e-02 -2.580609088075501711e-01 3.299079348693719216e-01 2.130253529240023203e-01 -5.036676287503318861e-01 2.512150126801142025e-01 1.826861815946558276e-01 -6.337675092599529547e-01 -1.324535416280655797e-01
7.357980377454709231e-02 1.258948416495036561e-02 -3.061401623409215067e-01 -4.096658779388097638e-01 -2.041954603322325978e-01 -2.060367419471006434e-01 -1.550391258982232456e-01 8.707060990355473817e-02 -7.760631412094566584e-02 -1.792862044094099827e-01
1.744395211508960319e-01 -1.194471393019415906e-01 7.096744836483038776e-01 -2.502142071846710780e-02 1.625085943654305809e-01 -2.206337506584961639e-01 1.963199602099642560e-01 -1.377884159086894822e-01 2.817244907427625678e-01 -3.115892935021152832e-01
2.445668491247199663e-02 -1.529348423442117855e-01 -3.775975008451899484e-01 3.025753640601821972e-04 -1.802833619980247215e-01 9.816395471810220041e-02 -1.172351994313765439e-01 1.282820485652260978e-01 4.245629572015665043e-01 2.672929458394037727e-01
1.457242895083924461e-01 -5.005989384363282273e-03 -2.892738634102234307e-01 2.289496024647729999e-01 -4.248938722727616524e-01 1.417757760867004446e-01 7.325495905755863291e-01 -1.606456147712941041e-01 -3.491104710454324689e-01 3.068775941073303981e-01
1.114617087902267656e-01 -4.839833349456920675e-01 -3.119752218551805623e-01 1.172242938893658382e-01 1.068431864720397473e-01 -2.679384172251198515e-01 -7.898317921462225111e-02 -4.525330960383031065e-01 -1.979491366594036128e-01 2.159368601924730735e-01
-3.657567491969541257e-02 -1.501300670556472705e-01 -4.844882366421507380e-01 -2.656195089993222958e-01 9.911614503668300658e-02 -2.681828292469784492e-01 3.951597252787872883e-01 5.570659480984067879e-02 -2.315639701751028012e-01 6.896702858899023125e-01
-4.463325931021479287e-03 7.341304602133853774e-02 -2.402076483238708704e-01 4.398661153589962791e-01 -1.868704867933623781e-01 -6.377355889140257084e-02 -6.613539460070831134e-03 4.176430154466377886e-01 1.887788602418274120e-01 -3.126170492079302088e-01
4.623330588457422730e-01 -3.983291193005746300e-01 3.085057847931546929e-02 3.571683449759266993e-01 2.155142447543852494e-02 -1.804219367208593494e-01 -4.043732875898677082e-02 -4.511288820243506414e-01 3.428848452575108865e-03 -4.251127921501102191e-02
1.166365689942607115e-01 -7.076666576041140688e-01 1.437564360508873373e-01 -8.798621860492965296e-02 -1.376506308367337061e-01 4.041126419273365772e-02 6.168763038079260186e-01 -5.383337195340645032e-01 -2.860572591854239344e-02 4.708342851889802394e-01
-3.535643610090771771e-01 -2.740999467519129040e-01 2.882680109422748882e-01 -5.648277432968790146e-01 6.095513142966630937e-01 -3.640927926364498912e-01 -3.251431977231233339e-01 1.929107919710691121e-01 2.314298000301258096e-01 -4.441995002463721143e-01
-1.721298232502748993e-01 -4.106993371404494275e-01 3.168953229287368445e-01 7.159735933276600850e-02 4.620182072406831542e-01 -1.792294761419298832e-01 -2.410484730832693212e-01 -3.763415757562194042e-01 -3.455113058569823092e-01 1.035750474513419950e-01
3.552941936284860769e-01 2.555886757767211748e-01 1.040616818023727547e-01 3.529388095982183837e-01 -1.489272073937934759e-01 -1.934765198306623857e-01 -1.394331732682626834e-01 2.518820960913895068e-01 1.709508578653672062e-01 -4.881943313150551300e-01
3.541902978420454207e-01 7.307355384541185106e-02 2.350296512057844511e-01 1.512087468979887994e-01 3.837948400778566360e-01 4.026513116833809747e-01 -1.906264506313510576e-01 -2.518699164456209005e-01 4.522762411457135340e-02 -1.738113388746718724e-01
-1.856475528690258447e-01 -7.466952551606592658e-01 6.433555743274135819e-02 -2.948822995790891799e-01 -6.949317571761379764e-01 -9.583813115046550812e-02 5.808050879429222935e-01 2.486188115373912100e-01 -3.020012394926739618e-02 -1.331639715323144069e-01
1.821315501559467309e-01 -2.753487057236859714e-01 -2.775484622950577518e-01 3.518317919408592287e-01 -5.606054770627513228e-01 3.566087015350192374e-02 1.962455578536624057e-01 1.980804424860563295e-01 -3.528751270714182153e-01 3.796069857725794389e-02
-4.914487857980461838e-01 -2.410590512627906190e-01 4.857763553275670776e-02 -1.912316948388431415e-01 -1.433647926232093917e-01 -2.599201175769456640e-01 -2.403241649777261013e-01 -4.757280094997990982e-01 -6.857604211322536614e-01 2.958069526321355225e-01
5.994122462898712200e-01 8.515094823029614735e-02 -1.150567115940490104e-01 3.264853007593292600e-03 -1.300668505124200069e-01 -1.885354955323080561e-01 -3.379795671508039057e-01 4.732672003905602498e-02 3.995931664948570994e-01 -4.628646905277276208e-02
1.558926827968081241e-01 6.885923351283826377e-02 -2.456620583677897318e-01 2.660664530433428654e-01 1.613432230522748589e-01 -1.048111312730837102e-01 -6.096816759749091874e-01 -2.477093077265357934e-01 2.128291360993400314e-02 3.497007156164709252e-01
-3.038938682247739262e-02 7.368138111818592351e-02 -2.681653041749821886e-01 4.281263478692100000e-01 -2.262077818290323394e-01 -3.744551060857131009e-03 -1.510531552131449962e-01 -1.985093620917786073e-01 1.270899823732702938e-01 1.644532569107766129e-01
4.421625291930071366e-01 5.878559927907985733e-02 1.393419311054882315e-01 5.331793465703018597e-01 1.885780473292969772e-01 -3.085114827396025494e-01 2.791982168817325749e-01 -3.480016103312938980e-01 -8.748363633230446523e-02 1.818895278245791225e-01
5.075152390316239708e-03 1.286826027256457172e-01 3.059858581736507599e-01 2.062560076099085871e-01 4.075239222995484245e-01 -1.185714843512993976e-04 6.612620844635593020e-02 -1.432049510942542958e-01 3.857072761861390364e-01 1.280494406272861610e-02
4.639983138585841715e-02 1.058285236994777889e-01 -2.593861738629657521e-02 -8.031295752678535571e-01 -7.702032743874061282e-02 -6.409504925854190294e-01 -2.628465229120643953e-01 8.630335017518337981e-01 -4.871574239590018562e-01 -2.614239629011581023e-01
-5.907605060907989980e-01 -2.795772352307762318e-02 6.607476199251535176e-01 -2.304397760575637721e-01 -6.251750716726179880e-01 -7.422805911386297362e-02 4.990721459500653268e-01 7.047710439824597106e-01 -2.123665714177005448e-01 -1.566008584089926825e-01
-2.985571655074928388e-01 7.790242144896934035e-03 -9.810702314224212239e-02 -6.112867821620405345e-02 3.649285041417263398e-01 7.002404260391140167e-02 -2.780037592344569153e-01 5.302709218262096069e-01 4.265424801089075513e-01 -3.625950862435381450e-01
