2.641055180273428959e+01 4.494023298329690874e+01 -8.563181867716772899e+01 -8.593545358272835699e+01 4.068683797657408263e+01 -5.079834021743499051e+01 -1.240476077451475589e+00 -7.865390305997459564e+01 -7.175770239236103976e+01 -1.105052364351206506e+01
1.407421014557961314e+01 -1.496280244717863184e+01 -4.541633182333512764e+00 -3.903388952687060964e+01 5.211161877642180684e+01 1.643966241557592411e+01 3.362240264772430010e+01 -9.170061230534500396e+01 3.928622309024075321e+01 -6.714066442761222220e+01
8.072572011052159269e-01 4.778960134120825387e+01 2.016100031065629139e+01 4.637280628855606324e+00 5.989516479628883872e+01 9.026437631646328441e+01 -6.114710677797112481e+01 2.803346837963218263e+00 -4.649494317631152995e+01 5.813830772625925647e+01
-7.765977070367513591e+01 8.030865993850972018e+01 2.006662020575772942e+01 -1.299120485274423231e+01 7.054897565893085698e+00 7.638059853901174279e+01 -6.456183720453083197e+01 -8.753218300449287881e+01 -6.279377110494641556e+01 -7.691128802901350525e+01
-3.851557833623660088e+01 -2.353633707075320558e+01 6.475113524518141617e+01 2.621593626683960565e+01 -9.573792010254346962e+01 6.562430002026371767e+01 -6.803121721874462935e+01 4.880021865668817327e+01 -2.463537677159590089e+01 7.639728770846753036e+01
-8.935819586795543046e+01 4.991619064636859093e+01 -9.694395345302766032e+01 5.161205812915906677e+01 -5.124701861191305596e+01 -6.391063323814372410e+01 -3.765429018869110678e+01 -1.176868372063771062e+01 -7.585721268322427591e+01 -2.137196255181751781e+01
-1.787719412689017418e+01 8.746824798939582024e+01 -2.144681917730520126e+01 3.261270879906126652e+01 5.014799560123327637e+01 1.984282112865176373e+01 9.358733177256948466e+01 -3.488010227372274130e+01 3.964725235414169902e+01 -4.136353862777642121e+01
-3.525389066242306058e+01 3.326888387013008241e+01 -1.114747347732622984e+01 -7.764779255215344733e+01 -2.033924514910778214e+01 -9.598258774510830449e+01 8.271211112141057242e+01 8.801808900597109186e+01 3.160469692447449575e+01 -9.228952424871800986e+01
9.354620200618214199e+01 -2.554048192506868986e+00 -1.702892022434068053e+01 4.539719875778681057e+01 8.488237189605854383e+01 2.850436926430111839e+01 -4.589563520373263117e+01 -4.723366325115536313e+01 6.343776408873463879e+01 -9.379484152651357931e+00
7.497608214233224544e+00 -1.189850469908452624e+01 3.339015866257156517e+00 -1.959714716186016403e+01 -4.700051944844765472e+01 1.357968183120614469e+01 4.686011107030952871e+01 9.406611271657729390e+01 3.669139073425287734e+01 1.143717043505705533e+01
9.370319638173680232e+01 9.020609208908865639e+01 -1.067058361063679683e+01 7.605519374972359969e+00 -7.819246480614279449e+01 -8.536251766366606830e+01 2.922750689271919100e+01 5.266319347871944956e+01 -9.405987871211385709e+01 -5.616818879236804207e+01
1.581948886128026288e+01 -3.230583569757827433e+01 -5.210775876055171807e+01 -9.713495688903873315e+01 5.448231958714117695e+00 9.585796280938475888e+01 5.287552265964910703e+01 -2.169715402420763439e+00 -3.922474555706600796e+01 -7.573573421704919895e+01
-6.577219613538210297e+01 6.613624295347506177e+00 9.290322733963827773e+01 -7.456787869221469123e+01 2.450124075379235933e+00 8.046364040742312795e+01 7.368493687954222082e+01 -4.949355510622382326e+00 6.623676902210036133e+01 4.297451077235700723e+01
7.714463377320396376e+01 8.748277698837051730e+01 -1.183626622464046818e+00 -5.521005766964008643e+01 -9.651413881071468381e+01 2.466417277451995460e+01 7.251390619548919858e+01 -9.181519370127449520e+01 4.221713665408194061e+01 -2.133317243499865867e+01
-7.041547592756816698e+01 -6.905852730097315373e+01 -2.442073928208155564e+01 -6.101111202458753269e+01 3.167188965179735760e+01 8.042476852481493665e+01 -5.445989725236945844e+01 2.877677477674509987e+01 -5.736159173139527923e+01 -5.921277319547331075e+01
6.349908943214265378e+01 8.584178576355859036e+01 -7.385156679044536077e+01 -2.037059561198330471e+01 -3.592311069819309921e+01 9.139892984751554650e+00 -4.711477397388779309e+01 -7.216080136774579046e+01 -6.771645292866080013e+01 -4.990192882317530376e+01
-4.125759742905093219e+01 1.181088066674907111e+01 8.810898590228248395e+01 2.230164627536007060e+01 -2.752942543189111291e+01 -9.453919984734923787e+01 -8.443269288814370555e+01 -7.414923753219872538e+01 -5.273159861262031001e+01 4.606296963213995355e+01
-6.616914040176300205e+01 -8.794720762766439748e+01 4.407851669709435782e+01 -5.844667946145995785e+01 8.057725768890125551e+01 -2.236729123892742166e+01 -6.113462664541289371e+01 3.518042982797700802e+01 -7.612527629806524487e+01 -1.111360027657264027e+01
7.703345993317086027e+01 -3.769407323733142334e+01 -3.299936220136432041e+01 -4.987882250922280036e+01 6.047158713429845989e+01 5.411036258990355918e+01 -1.590070271738505880e+01 8.983704991594109401e+01 -2.032786941618397236e+00 -3.830576149096347649e+01
8.185905768094590940e+01 -4.058607425020781534e+01 -6.559960121378010456e+01 -9.664795867591267609e+01 -6.947937414275742185e+01 1.052985596648221645e+01 -4.033119799496319047e+00 -8.770674696377469104e+01 8.701509686539665722e+00 -4.738469501464142297e+01
-5.121224854560561823e+01 4.755154067478000002e+01 6.788089001002663281e+01 -3.964478250307357143e+01 -9.051166732148473670e+00 5.298593949451088747e+00 2.642658008748229292e+01 -3.400343035795607705e+01 6.648388043571335970e+01 -6.173650768910881226e+01
-7.748948173449974774e+01 -5.817849559810894533e+01 -1.289221917494604952e+01 4.934934337273770666e+01 -4.725583093866376316e+00 -4.838150208800440311e+01 -8.040448575577703139e+01 5.292050283144965306e+01 5.335637641589042346e+01 1.549922881235985983e+01
4.168350664564096064e+01 -3.308659405799592435e+01 3.956693392789469499e+01 -7.316938821229332746e+01 -4.297724307783386166e+01 6.126745676634800475e+01 4.710435246668808418e+00 2.728591826606898962e+01 8.336673411914992471e+01 2.601160921029924111e+01
2.789344507236491211e+01 -8.618732779741340266e+01 1.671539350208431074e+01 -3.368273673216781106e+01 -5.065087218684267611e+01 -4.135459266590917338e+01 -7.671102931678674963e+00 9.196659618660635260e+01 -4.209037257899530715e+01 7.264442574938874486e+01
-9.495152171997209223e+01 5.897198333577699714e+01 8.847390015339809111e+01 6.362389095589929866e+01 -9.775168126979821182e+00 1.003970693469607056e+01 -5.985670543553764844e+01 7.738878342806901856e+01 5.670976636628648748e+01 -2.236209239070095123e+01
3.489049615559994777e+01 2.200073575826245076e+01 -2.163206766769498302e+01 -9.993090775243092594e+01 -6.105040758864548422e+01 -2.593312143470767239e+01 5.046019553562882720e+01 -7.840222309555548463e+01 6.264606504045596580e+01 -1.964359809135160617e+00
1.787150884941428330e+01 8.916637394715621667e+01 5.104590744969900129e+01 -1.363019996778348286e+00 9.276002495668069514e+01 -7.724237533414672896e+01 6.422223417743680329e+00 9.731617748621223996e+01 -6.843501775704858403e+01 -1.250589585459806585e+00
4.597393464252732542e+01 -7.580388245809504610e+01 6.963563511068926459e+01 1.568588362536338821e+01 6.939827345866939368e+01 -9.328021622016757419e+01 -3.331236192493366843e+01 -7.557422746304958139e+01 -6.532426329884131633e+00 -1.328760763380074650e-01
5.563831983521109237e+01 8.985114455899378072e+01 8.163339660096997363e+01 -5.394280227892451762e+01 -5.810220501830210083e+01 3.505681587811395161e+00 4.751861741245113535e+01 7.089335424247116180e+01 6.136729267990233438e+00 -3.308599869100861213e+01
3.034745473696963813e+01 3.077281676300282243e+01 -6.171756667331133883e+01 -9.478399279818079037e+01 5.096795247464226009e+01 2.458934922546873736e+00 -4.384814100893994748e+01 4.692070794119001675e+01 -7.176159032985569297e+01 -6.833675129847947005e+01
-5.342997962973858961e+01 -1.106584067882130284e+01 -5.233119338016327760e+01 -3.550796744245607783e+01 1.614301810529129000e+01 -8.387685852892957428e+00 9.803833136175282448e+01 -9.119839497408341344e+01 5.819082642919514115e+01 2.569395869498023899e+01
-8.861986217197866722e+00 -7.610801449832804622e+01 3.266506829383828858e+00 -7.495137407876997315e+01 -1.023419257290861140e+01 7.342449966613787637e+01 -4.824380373882644335e+01 7.911975348872394420e+01 -4.368008148166418181e+01 9.104485060343805003e+01
6.686553367038280271e+01 -4.607809874998436328e+01 3.803645142592390016e+01 7.542309220073644838e+01 7.876795418840202956e+01 -9.711079061148306835e+01 8.505227883687865642e+00 2.641602023041502889e+01 7.774016188678729122e+00 -2.199513285111707717e+01
-7.499122589996349575e+01 -6.065246991484070094e+01 7.894251750199799744e+00 7.828818213259557979e+01 5.499947861514880287e+01 2.163474069259643784e+01 -4.566817572513024714e+01 6.263839799518635232e+01 2.058298231922415766e+01 1.922871058393378974e+01
3.725708654502162176e+01 3.064973341056528966e+01 -8.922520441358720689e+01 4.332368887057103279e+01 1.516063833458223087e+01 -5.398263197155546322e+01 -8.219745016852277786e+01 -9.674377685326467713e+01 -9.069606559053211470e+01 -1.498090330562595796e+01
7.305274578383534845e+01 4.446289324070065163e+01 3.469578186641263073e+01 7.971823855153476757e+01 6.132038195912642209e+01 4.125277491627201698e-01 3.434262681697006769e+01 1.988493846591394743e+01 6.473836421026831545e+01 9.421919222198857824e+01
9.719345986766484202e+01 -2.339032519926689702e+01 -6.507230299241140870e+01 -5.539835575563791537e+01 9.861828988692815301e+01 -1.427494219211664017e+01 -8.978074122761543663e+01 6.246833990491305144e+01 8.541523601358110795e+01 2.413123939991848488e+00
-8.473174370914024678e+01 4.940426632656391348e+01 3.539071884506222432e+01 5.350706669822488948e+01 -1.481466728801940747e+01 7.978494712401032984e+01 4.630529087293061252e+01 -9.818940298231760266e+01 1.300133313250624667e+01 5.930899176913166571e+01
-5.575544238266214592e+01 -9.280852167031912359e+01 1.856286863262575082e+01 -3.134173042710656887e+01 3.963993266647096902e+01 6.805855246234662559e+01 -8.872858472095033733e+01 7.211595684384508331e+01 -2.292469866417378910e+01 7.796988423495179177e+01
-8.478130878797554715e+01 8.242473385686045617e+01 -8.647135494574209247e+01 -2.529132279997456578e+01 2.420343645967118107e+01 -2.688109805943675212e+01 4.045585316860277203e+01 -2.595410000959917340e+01 1.690862665470369564e+01 3.696780828613816539e+01
3.277075341117011931e+01 -3.055041962940488531e+01 9.214617218016277889e+01 3.832407378509284968e+01 3.548781026741420419e+01 4.580274842362260301e+01 9.041577393736426416e+01 4.650544037556272770e+00 2.953701496269147242e+01 7.647953460545701887e+01
7.668748028245173032e+01 -9.731438091519521549e+00 -8.432882534589943191e+01 4.086306536288219604e+01 -9.859254233266065626e+01 3.514118687660791807e+01 1.193866512756247289e+01 -7.766542439125331043e+01 -3.588560110881864773e+01 8.759011558604231595e+01
-5.774543268579670752e+01 7.885963359998669375e+01 5.467644306740965021e+00 -3.308583355048584451e+01 -9.317352725713152495e+01 -4.078758007023370880e+01 3.043533357966941821e+01 1.588943320997155695e+01 -5.313663343265368866e+01 -6.468186258657893006e+01
3.630586742904284847e-01 8.085397751672508093e+01 -3.959783912349556800e+01 -6.109058528527209120e+01 7.150221435028589667e+01 -8.476593063973740527e+01 -9.224909279138169893e+01 9.263816172559367601e+01 -4.756051827937095311e+01 2.517401517194841176e+01
7.702255799883627674e+01 -2.320707579606349213e+01 8.867051746516253274e+01 2.962479934115816604e+01 1.828560091180158054e+01 8.761102531515911096e+01 2.685589998152531166e+01 -9.451710852834639809e+01 8.043504332956746339e+01 1.205161896694147572e+01
-9.962085370799572104e+01 1.176315635267542348e+01 3.743597077397643602e+01 -4.993844847064954706e+01 7.649108749680365804e+01 -5.304489368197007337e+01 -1.843180584601469718e+01 9.144201408299787204e+01 -8.145033164015171678e+01 9.578260934590463194e+01
-8.359662086374579815e+01 9.108857526970024310e+01 -9.151833354308307378e+01 -8.890877111517647791e+01 -5.629380756723602985e+01 -7.610032703792938946e+00 -6.738195827188349085e-01 -6.188503821001442873e+01 1.491237175299788476e+01 -9.518347745072466637e+01
9.767137444453189232e+01 -1.675344130977880752e+01 -8.291618294900024466e+01 8.086938553012578268e+01 -3.984311054924298645e+01 -4.283046617001782153e+01 -2.879029378953592300e+01 1.458544356440611978e+00 -4.840581189723076250e+01 -4.381561270239524220e+01
7.724654300623348036e+01 4.653776656896801001e+01 9.452861887359668458e+01 5.816889054960182648e+01 2.036779544266190101e+01 -3.354056233601374970e+01 9.550100949996647159e+00 -9.987798831583380377e+01 -8.266488651491542328e+01 -1.806290494086310616e+01
-7.404156402713127250e+00 -9.743585375469848486e+00 -6.232717842493362781e+01 7.216159720878866324e+01 -1.704599485797233172e+01 1.936484999581315947e+01 -3.575584903505344414e+01 -2.222831033945254831e+00 -5.153381237441636387e+01 3.246389330823623709e+01
