9.931026043315203822e+01 9.932847251209379635e+01 9.930620201135263869e+01 9.906303904404147431e+01 9.938953563936304647e+01 9.865585780794705784e+01 9.864457956173964703e+01 9.936169479450978770e+01 9.924624876658481298e+01 9.865415084789151479e+01
9.950719276213642672e+01 9.935305434970770477e+01 9.936581510631604885e+01 9.923184847820709820e+01 9.924104186414568574e+01 9.870010284649359278e+01 9.867701733283882959e+01 9.925697019399113685e+01 9.935285171205099175e+01 9.876674860958419799e+01
9.921369495703615371e+01 9.924594763889389526e+01 9.941756335571214720e+01 9.899053583395067335e+01 9.919812425507464582e+01 9.873331180213337177e+01 9.872171687464549450e+01 9.918078985439633755e+01 9.922969158858467154e+01 9.865423469417181934e+01
9.917711577159556668e+01 9.918001780812356571e+01 9.929714189815074121e+01 9.914958077730069874e+01 9.910820521503764269e+01 9.859631747909315891e+01 9.882513284651095375e+01 9.933572912402794941e+01 9.922840657228313432e+01 9.853538013767148129e+01
9.934650117371597844e+01 9.929403702913073460e+01 9.928953922038628832e+01 9.904416541362763837e+01 9.937312945634003825e+01 9.863641620835423396e+01 9.877307207626850527e+01 9.935631157784196432e+01 9.921784830078202333e+01 9.880460018876952688e+01
9.931407065271294243e+01 9.922650723686582808e+01 9.917162347537015421e+01 9.895308307893557753e+01 9.925521254003787419e+01 9.861719285688631942e+01 9.874456236920819663e+01 9.928854291946277044e+01 9.940295274278483362e+01 9.872176942584781045e+01
9.938167207434523220e+01 9.937638742796985980e+01 9.925401250962788424e+01 9.913347946342312866e+01 9.938263235404684792e+01 9.863954674516948273e+01 9.880324328481539453e+01 9.933087086094725748e+01 9.943331619474773220e+01 9.862539784233111106e+01
9.926785063431154299e+01 9.935208854067168716e+01 9.928585203071455112e+01 9.900434569088496062e+01 9.906728493872452646e+01 9.863039023260341764e+01 9.873550447881028447e+01 9.934372550097808130e+01 9.929442455635218323e+01 9.859132901544872141e+01
9.923837328198928276e+01 9.920777020178026362e+01 9.924288500211896746e+01 9.919507051144192644e+01 9.929692064363626969e+01 9.860266217010016021e+01 9.863235779226086208e+01 9.906699765477480923e+01 9.918960347124723853e+01 9.866157057300937083e+01
9.940715128557339142e+01 9.934091027602012502e+01 9.916551561075370103e+01 9.880489205893321980e+01 9.910107692628325537e+01 9.865705057920609988e+01 9.867178449997648215e+01 9.922618782203404919e+01 9.942915382021273274e+01 9.866762957077585838e+01
9.935731709204264916e+01 9.917317764782181655e+01 9.931530095211080322e+01 9.901566563390683484e+01 9.922795886021253864e+01 9.878496564172161243e+01 9.868869672030352547e+01 9.931496313328266012e+01 9.916667559288747213e+01 9.858889745684454908e+01
9.934518508987198970e+01 9.932365752732810904e+01 9.927012824544826231e+01 9.890297015633237265e+01 9.931688312207126046e+01 9.860182624180301048e+01 9.864032503247744899e+01 9.931530890252142285e+01 9.921039625343659907e+01 9.855786364159307311e+01
9.929321530259159090e+01 9.933873507003193026e+01 9.919534569984389805e+01 9.893796182136658501e+01 9.924659891092947817e+01 9.873808415106368841e+01 9.855368641329174295e+01 9.931920309977311945e+01 9.915457386631527470e+01 9.859640483247683562e+01
9.936660537369796486e+01 9.940495561059714191e+01 9.919712558485399256e+01 9.923348156584920332e+01 9.931785277779630405e+01 9.851167471917509033e+01 9.862120175827567436e+01 9.943411765433162941e+01 9.924559649066186751e+01 9.856582413540141374e+01
9.914457621564595513e+01 9.926048966938951423e+01 9.925842119098166449e+01 9.914357761553486625e+01 9.938591029162716950e+01 9.869216513741326935e+01 9.868004371676863684e+01 9.920930868690398086e+01 9.919772664277918750e+01 9.867207624579474157e+01
9.943189647706354606e+01 9.920551449127073340e+01 9.934925499565507323e+01 9.913842393480844351e+01 9.919179346789174190e+01 9.868165679294391168e+01 9.861866027082444930e+01 9.930071132937298728e+01 9.929104580274464809e+01 9.867058894512706502e+01
9.908348694916992372e+01 9.920250944078456712e+01 9.931669414800205686e+01 9.894336323249761733e+01 9.921702058234528465e+01 9.857535250694299123e+01 9.872446078645420187e+01 9.938828325007949616e+01 9.913334140845961429e+01 9.851223883924753011e+01
9.939649968281987924e+01 9.930086814345435187e+01 9.933991458975826561e+01 9.897971404089130942e+01 9.921881874074072982e+01 9.860697994444272751e+01 9.870764118874612336e+01 9.946442123250292866e+01 9.894843724588533007e+01 9.866297744569833128e+01
9.937729968519649049e+01 9.936318871358650995e+01 9.924321159526832048e+01 9.919918355249217257e+01 9.918884023129189131e+01 9.856807644145865765e+01 9.885783399804633120e+01 9.939901493421895395e+01 9.912996638876698796e+01 9.881070952030296439e+01
9.918220210900175005e+01 9.909388840605627990e+01 9.938725822674143728e+01 9.907729220079913546e+01 9.923223050409933421e+01 9.862225644512375311e+01 9.862296874559538651e+01 9.919898782472400001e+01 9.919791390134426479e+01 9.865761206460418009e+01
9.908864886598966848e+01 9.929183017623496710e+01 9.920079098967518405e+01 9.914827285635936960e+01 9.933735115563999329e+01 9.852996848924371420e+01 9.879068669026177929e+01 9.937730899733480783e+01 9.930209480887739915e+01 9.844331097935632613e+01
9.924341919305821591e+01 9.924128601010065154e+01 9.940081184980743956e+01 9.902128766129679605e+01 9.933092662388413885e+01 9.853401496264433490e+01 9.870596772422067033e+01 9.921235973403878461e+01 9.937663312278333194e+01 9.857176110278339820e+01
9.929775795413740980e+01 9.925922591897497682e+01 9.936432577094262797e+01 9.891526571733304252e+01 9.914767031259066243e+01 9.851974421478414001e+01 9.857841427572590476e+01 9.932723921759777852e+01 9.930652625994373750e+01 9.860750141454967377e+01
9.914834494432763279e+01 9.929910218943531675e+01 9.934652051920673443e+01 9.902714419094229470e+01 9.934535813568665219e+01 9.862502588341666865e+01 9.871002517932018350e+01 9.936958917677161196e+01 9.924825750959729476e+01 9.873446154601110436e+01
9.943389795801103048e+01 9.917628860118942669e+01 9.928799337843786077e+01 9.911699878447724643e+01 9.931059993003987074e+01 9.867901737513560079e+01 9.876023951569314363e+01 9.929064907751104840e+01 9.928560491685709621e+01 9.861891401707603677e+01
9.924349776540091739e+01 9.930839991031561453e+01 9.929103714838332451e+01 9.901448996339338748e+01 9.928396206208678620e+01 9.861895793803790866e+01 9.872530869154068967e+01 9.923069395229417466e+01 9.923865394422990960e+01 9.855730904314079055e+01
9.929554687048158712e+01 9.921985782149039323e+01 9.929441666499367614e+01 9.907516772889249523e+01 9.926760844838628373e+01 9.843480403906741572e+01 9.869043960120991699e+01 9.948792080976174645e+01 9.938819523808582801e+01 9.856051173208113880e+01
9.919858772309036965e+01 9.919828232243514776e+01 9.930194027697655201e+01 9.898052928646333726e+01 9.925157871655918029e+01 9.853395460524640725e+01 9.857850867775871961e+01 9.936838091818407293e+01 9.929357001494850010e+01 9.880722182367730966e+01
9.923834936498214176e+01 9.926613957533724886e+01 9.945402419931851057e+01 9.890086774167650674e+01 9.901527487876838052e+01 9.879356810561645830e+01 9.858677874249431738e+01 9.936257267384954162e+01 9.941197750894112062e+01 9.867454890022825964e+01
9.933706079524972665e+01 9.925919608755548040e+01 9.932400617706586843e+01 9.911459839328961152e+01 9.938723345978419843e+01 9.858182531297312323e+01 9.886177845923954521e+01 9.929669804426960411e+01 9.909855184282301366e+01 9.855230396643598567e+01
9.952013448773620041e+01 9.918110510617988496e+01 9.936900877519225617e+01 9.896893676548877750e+01 9.939469034638139533e+01 9.869316211302773922e+01 9.861244121864567092e+01 9.928325786442611900e+01 9.935827924600847894e+01 9.842288816170032817e+01
9.932363560293336491e+01 9.935528340371888589e+01 9.934090181472542724e+01 9.891678092843656600e+01 9.932224557205407223e+01 9.875960120873182291e+01 9.879234196664054934e+01 9.933947308202216675e+01 9.928813677106536772e+01 9.868897464819545462e+01
9.905078330311701507e+01 9.925293274135533750e+01 9.933351941514374062e+01 9.911178105312960440e+01 9.941300925317402459e+01 9.863578280317690883e+01 9.857031331117693185e+01 9.929439077651363732e+01 9.934196627242319266e+01 9.852873449015196172e+01
9.933871945493658018e+01 9.923266348257138247e+01 9.914416309606806976e+01 9.907218304629203942e+01 9.925461491277320647e+01 9.849864821141925120e+01 9.861080402132451184e+01 9.933431022507325281e+01 9.921970574797953191e+01 9.878925467720425502e+01
9.929549991497366079e+01 9.924669552971511166e+01 9.913392308290455901e+01 9.909251981205783011e+01 9.920614121465868607e+01 9.839504019109006094e+01 9.859384368894171757e+01 9.922074269258490631e+01 9.930870614645225203e+01 9.876240359653159828e+01
9.948083976197112577e+01 9.935149384173337239e+01 9.923757900861332359e+01 9.903644870233435427e+01 9.908589958496440886e+01 9.837983961959457702e+01 9.861865831845750563e+01 9.921675947454603772e+01 9.923545515380301651e+01 9.878341942651169916e+01
9.937850764927836167e+01 9.917680429070132675e+01 9.940795369441033813e+01 9.911255418595841604e+01 9.931807151295085134e+01 9.874096989734003671e+01 9.860516197691909213e+01 9.938071008424253705e+01 9.931045006252935536e+01 9.856464081147430534e+01
9.934398355920241386e+01 9.916668496319711323e+01 9.931069338238808086e+01 9.902715634414316526e+01 9.916222667696568749e+01 9.854745279483984177e+01 9.872286890034227724e+01 9.937589285655340632e+01 9.931206250944519809e+01 9.870291599545521422e+01
9.938914587826684510e+01 9.930820627622624386e+01 9.927572780232937077e+01 9.910207501652109841e+01 9.933162418478887901e+01 9.873223510760267629e+01 9.863078841502638738e+01 9.936708883552023508e+01 9.922394224385629968e+01 9.853290282454111093e+01
9.927906310534483225e+01 9.949290854340793544e+01 9.928966835064987606e+01 9.913228013077841183e+01 9.904267126577951785e+01 9.878529382269120163e+01 9.871546821830926888e+01 9.925735780850256162e+01 9.925940675824396919e+01 9.871230671380720878e+01
9.919479853229424293e+01 9.933115353521201030e+01 9.933958786544994268e+01 9.913760717571366854e+01 9.921893787370541418e+01 9.859315336894378845e+01 9.872143087113190063e+01 9.940895679716254563e+01 9.929314100372221219e+01 9.841254125457017210e+01
9.915966695201046832e+01 9.930138305849743574e+01 9.925333168033171205e+01 9.911477775907731314e+01 9.935346949677150974e+01 9.864116491246744545e+01 9.865685140508803386e+01 9.935627786624812074e+01 9.902543467749174511e+01 9.840378744961246582e+01
9.940128945462406307e+01 9.932063403447443761e+01 9.948461992828536893e+01 9.909246367586405313e+01 9.916696712330123376e+01 9.866478095116005420e+01 9.873312982950460537e+01 9.945230544049906030e+01 9.932418422824879656e+01 9.863308198164055796e+01
9.935146488222078176e+01 9.926326670340203862e+01 9.922156884358719253e+01 9.913868421557231159e+01 9.929280257106749730e+01 9.863850657634868924e+01 9.875600251054743239e+01 9.933153617094824028e+01 9.952033683480938464e+01 9.865946449129366158e+01
9.934665004167781888e+01 9.947950977039404563e+01 9.925233297889629114e+01 9.898803834335532770e+01 9.929856190058681875e+01 9.861891274830161080e+01 9.869663678951684460e+01 9.939955404505455760e+01 9.932520605609923336e+01 9.853687485934038648e+01
9.934330587617294839e+01 9.926737068614201576e+01 9.916859616602859262e+01 9.902966648013889994e+01 9.918383760153594153e+01 9.847592936073020553e+01 9.868288962366743533e+01 9.937247238595539045e+01 9.924008160280573065e+01 9.856150584699028627e+01
9.919680523660390747e+01 9.921986407736147839e+01 9.921726786618016547e+01 9.899086478895726771e+01 9.918960475018211298e+01 9.874276796361579045e+01 9.850277854208395922e+01 9.925854043989166087e+01 9.940355010289106019e+01 9.849513021337006080e+01
9.935597507234020043e+01 9.908368991413911431e+01 9.931691660898933094e+01 9.910743155563486084e+01 9.926829766869593641e+01 9.858267942338876821e+01 9.870954319972641144e+01 9.916910507087493443e+01 9.917088865882847415e+01 9.856885069017207002e+01
9.929216770452543983e+01 9.940680377653610833e+01 9.945406266855469823e+01 9.912899806880375309e+01 9.926462780837751154e+01 9.860311616338587726e+01 9.877956351359772214e+01 9.909244537079661086e+01 9.920172963595233284e+01 9.846516277501862646e+01
9.917294795638927951e+01 9.915450486151019049e+01 9.924162218195058927e+01 9.896884060595819221e+01 9.911947046548961282e+01 9.857711743032396612e+01 9.879188760322513474e+01 9.930236853686929521e+01 9.896306627003028211e+01 9.858751320150415154e+01
9.930542793942711910e+01 9.934763387134177037e+01 9.923873085713641728e+01 9.900859471451573768e+01 9.916744880055043154e+01 9.872789683770213287e+01 9.859524751707465384e+01 9.913304030172238868e+01 9.924204640983253967e+01 9.872532142429774638e+01
9.932213441620906735e+01 9.919587396129107049e+01 9.915375976143846515e+01 9.914599292954022758e+01 9.943476715728235149e+01 9.838086136913214830e+01 9.872467983659220181e+01 9.915719670871257563e+01 9.934192619741706665e+01 9.866657471121381207e+01
9.934904525225931593e+01 9.937687404718747075e+01 9.919833001708954612e+01 9.918185521890687539e+01 9.922902482507240052e+01 9.870810477278089934e+01 9.866237136898233473e+01 9.936709106172926909e+01 9.931731167950472638e+01 9.855571027174890730e+01
9.930202195325936998e+01 9.929846383531476306e+01 9.936509109583242605e+01 9.907703231162709301e+01 9.935050398964887108e+01 9.859444313146720162e+01 9.874335868300030938e+01 9.941305525630583872e+01 9.917084415927355678e+01 9.866657519238728469e+01
9.926859509300801676e+01 9.906243036067186836e+01 9.926426320308910078e+01 9.904243931786348298e+01 9.931458308776024069e+01 9.856001190474971452e+01 9.880322879134425307e+01 9.925816481469956898e+01 9.907241785919526933e+01 9.858977953478657241e+01
9.950045315929763490e+01 9.922675357031302212e+01 9.911785824735709127e+01 9.910203083240307365e+01 9.901763841520285325e+01 9.860138857807505985e+01 9.857812387813343946e+01 9.929085087102225771e+01 9.936471593085117604e+01 9.870312796082629347e+01
9.937188306473383648e+01 9.926411330560604540e+01 9.934637370019576963e+01 9.908915400254247174e+01 9.918989291547455878e+01 9.867523207469295699e+01 9.860338374276794582e+01 9.918763444628696391e+01 9.917126582055597339e+01 9.854606955972698756e+01
9.944104433891114070e+01 9.931183102802150131e+01 9.925087678938911040e+01 9.904638525988099218e+01 9.928971401932980712e+01 9.854173819436323356e+01 9.865816438362922725e+01 9.938702455490977172e+01 9.903105734338436150e+01 9.862004440860465593e+01
9.932751370379634182e+01 9.922180955887893106e+01 9.915896514713702459e+01 9.915050167685325277e+01 9.914008580041809182e+01 9.844376045278808363e+01 9.859023901765885967e+01 9.931021234470873083e+01 9.926537636234780848e+01 9.862624407202389420e+01
9.927202398400068262e+01 9.920182548778890919e+01 9.923035552944894278e+01 9.907706712244475966e+01 9.932103349154934335e+01 9.855202127296591641e+01 9.874462138221505825e+01 9.927003003033148332e+01 9.911885080891562438e+01 9.859171938119085610e+01
9.940315168036116233e+01 9.934818591163414681e+01 9.929840551063031739e+01 9.911535389052751555e+01 9.934616076505385251e+01 9.848700590874943828e+01 9.852799007065020476e+01 9.924093079447101218e+01 9.929854942951089924e+01 9.872219620820179387e+01
9.940813601762690155e+01 9.916160411958159671e+01 9.920160258241072881e+01 9.915939852113309882e+01 9.913608402696030453e+01 9.865009504087591097e+01 9.871311977922654535e+01 9.933121283475483665e+01 9.926673162885809631e+01 9.848950994644985713e+01
9.942657153129216852e+01 9.923011176256007104e+01 9.919809364694228293e+01 9.899266982640354229e+01 9.925693794639191481e+01 9.852174550033076628e+01 9.861825379178243622e+01 9.927016823916700616e+01 9.923117631479478007e+01 9.886094782856326901e+01
9.939939754263996008e+01 9.924755406853890349e+01 9.934833332973454390e+01 9.905657247831904044e+01 9.922857003941530252e+01 9.861584621695715214e+01 9.871145850142175959e+01 9.939116264203707374e+01 9.922924518903391800e+01 9.855777479579130329e+01
9.928034254221822152e+01 9.913188954415129217e+01 9.913794851859924506e+01 9.905107655724917493e+01 9.910020262259730828e+01 9.856325835826440596e+01 9.876743295935384026e+01 9.949012767833178827e+01 9.925281025224788323e+01 9.864918840635951369e+01
9.931412229121063717e+01 9.921537642168901527e+01 9.925980511715962962e+01 9.901121867354157757e+01 9.924504505021236866e+01 9.862366058376909450e+01 9.865005279574033636e+01 9.939152911386663902e+01 9.919265704734507949e+01 9.855162927481971735e+01
9.922447169698206437e+01 9.938225960976456008e+01 9.926580287011697123e+01 9.886201637738651016e+01 9.917811152916705453e+01 9.852992954469362985e+01 9.863975756182465204e+01 9.931681877313484108e+01 9.940323264292254635e+01 9.839497673878467765e+01
9.936971612867631620e+01 9.926349738565652103e+01 9.927305587706806023e+01 9.921285353192797629e+01 9.891027589162681011e+01 9.857385308869076823e+01 9.886189505884183859e+01 9.940691929989614550e+01 9.923086473170465638e+01 9.867326691447880194e+01
9.946987616802056209e+01 9.934031097272826116e+01 9.922715754842273839e+01 9.917462555164807725e+01 9.917326168619914029e+01 9.865662271392761795e+01 9.872578351919321449e+01 9.928230691920288109e+01 9.941458035317286601e+01 9.868635915826729388e+01
9.928887933123475307e+01 9.920476682041190486e+01 9.926730245006679354e+01 9.912616769509507719e+01 9.922046108190805569e+01 9.858837062998712497e+01 9.868616280099593041e+01 9.938704831850351695e+01 9.922830278345571742e+01 9.852886409206561780e+01
9.918752890119084498e+01 9.932917120060716343e+01 9.930860745758343455e+01 9.882924317423479010e+01 9.905192894460159891e+01 9.854360663365955020e+01 9.872730978840216665e+01 9.930163530864807342e+01 9.919099402702556745e+01 9.860759653082151033e+01
9.929015937401103997e+01 9.927890859671023804e+01 9.925457336189582236e+01 9.923553911134368377e+01 9.913507616771806852e+01 9.866511678026573406e+01 9.857171492193799622e+01 9.929396619584576911e+01 9.923337879157935504e+01 9.856365817353562875e+01
9.920654634428757390e+01 9.930749491895522851e+01 9.928383002737179197e+01 9.880415675716977830e+01 9.921272496573925537e+01 9.843434827321242153e+01 9.879576570716571382e+01 9.932784081730561354e+01 9.933717507024489635e+01 9.854034182400751263e+01
9.936656447163872485e+01 9.924496134426198068e+01 9.914206027412437550e+01 9.899169852436202177e+01 9.915774871700382675e+01 9.844977002629640594e+01 9.885743620837274648e+01 9.930856231639420173e+01 9.911934062952997238e+01 9.856468084875807278e+01
9.923562799465982209e+01 9.949303091489920803e+01 9.922292783264870764e+01 9.910548550898522535e+01 9.918852307556655035e+01 9.863615292442963778e+01 9.852151140243522320e+01 9.949007511016104388e+01 9.931441673332861342e+01 9.865323834539375980e+01
9.941990959855792198e+01 9.928821547306640127e+01 9.934455042391864765e+01 9.917972441425671093e+01 9.919032626818605536e+01 9.867492280476466249e+01 9.875670092782682730e+01 9.936659191774127464e+01 9.919819413440012568e+01 9.861763805018682660e+01
9.931760990152069724e+01 9.934596315587609183e+01 9.925500605545722976e+01 9.917286001289171793e+01 9.911151021495992097e+01 9.842689339379884927e+01 9.879015464066169727e+01 9.927072824121974293e+01 9.918547372747045188e+01 9.869197956860976717e+01
9.945765819140333974e+01 9.926342386710778953e+01 9.916984813034142121e+01 9.896484083443151292e+01 9.929394160339177233e+01 9.859482617862698817e+01 9.885887563861352589e+01 9.917172428282239593e+01 9.911881676406522956e+01 9.868425333504944774e+01
9.925470002973527528e+01 9.935825812529792245e+01 9.934627101439160413e+01 9.902721544852911961e+01 9.910174607769965860e+01 9.854997545501902323e+01 9.858890840066379724e+01 9.930010999816893502e+01 9.925464485695391659e+01 9.867772963248157225e+01
9.923261572791219010e+01 9.913354060882301155e+01 9.938616232973620868e+01 9.913121320007959980e+01 9.921022525407930459e+01 9.852831655940875066e+01 9.890237176605967306e+01 9.930794355696309594e+01 9.925748003801183472e+01 9.859297735961496301e+01
9.932941682441796161e+01 9.913409591465652682e+01 9.919830162896988668e+01 9.920774381404739017e+01 9.926709656954380989e+01 9.851657620478096078e+01 9.868424561258592576e+01 9.932231921767585447e+01 9.925903014613136577e+01 9.871581672787738171e+01
9.915416927191665764e+01 9.923830922199546478e+01 9.914263850237263398e+01 9.898357044182448305e+01 9.930838398202359940e+01 9.836120279329161065e+01 9.851046941004616997e+01 9.917892758184017055e+01 9.927757858121903212e+01 9.856139361336514071e+01
9.936093290939042788e+01 9.933609741006549143e+01 9.912516916028741321e+01 9.895565587924080830e+01 9.910613848684032234e+01 9.860308109004833454e+01 9.886908959173000255e+01 9.943003767818989047e+01 9.901586477278131326e+01 9.862769560781758571e+01
9.941125521133841403e+01 9.918598572973630212e+01 9.934049335267847880e+01 9.904672584611223840e+01 9.920825882853662847e+01 9.852051873428727902e+01 9.860521728422523324e+01 9.932189362043281733e+01 9.935849463909197254e+01 9.870580377045173748e+01
9.916975564920244324e+01 9.930906162098557388e+01 9.925677467284884870e+01 9.903919441353690445e+01 9.914524238862239258e+01 9.842894434599908493e+01 9.864110089201138010e+01 9.935166293614797439e+01 9.927524746944341416e+01 9.881707711373665859e+01
9.946093353415855631e+01 9.934978091728997640e+01 9.939337068133825426e+01 9.894049364587731077e+01 9.907515362353494481e+01 9.863326436692888421e+01 9.862760455569183193e+01 9.919408414464950852e+01 9.910096305883173784e+01 9.861119823618616920e+01
9.929568426612433996e+01 9.919378705859708134e+01 9.939364839213941138e+01 9.896982950642122034e+01 9.925728759157625802e+01 9.863170503381309118e+01 9.881908110411298196e+01 9.931556760690661179e+01 9.921606124412835470e+01 9.854794498794777269e+01
9.933599916079863590e+01 9.929773857417796989e+01 9.930326446311995880e+01 9.915735719911567969e+01 9.926883605637078745e+01 9.871844611772608857e+01 9.861244007757078123e+01 9.924764511923122257e+01 9.938798624314840424e+01 9.861172313337716844e+01
9.941917951256878894e+01 9.930891323404573257e+01 9.932212531957436852e+01 9.901768631879915006e+01 9.915216672702071321e+01 9.872199051946253689e+01 9.855406029672595025e+01 9.936124664863591249e+01 9.920560569353092717e+01 9.853700774531037609e+01
9.942424823627054309e+01 9.943145866000988065e+01 9.932680073658191588e+01 9.909749578394254854e+01 9.943540785885885214e+01 9.851820661063629814e+01 9.859496836856017410e+01 9.917747288168273201e+01 9.926321093944842744e+01 9.875031632719556285e+01
9.936963416217457734e+01 9.927268152944492385e+01 9.915788807556201334e+01 9.894900016160237044e+01 9.917567682837760401e+01 9.858624417168313414e+01 9.875047908371168148e+01 9.914761282915694096e+01 9.937847775917052218e+01 9.873248833259182788e+01
9.937028253223796526e+01 9.920595790407980985e+01 9.921624239638899212e+01 9.910031383722775900e+01 9.932621477305421820e+01 9.857715735776005772e+01 9.883213965170048709e+01 9.936137718755405501e+01 9.909148234080221584e+01 9.854199600831020689e+01
9.921258722969747623e+01 9.914712917820324378e+01 9.933676425047856640e+01 9.894051511623764839e+01 9.922129148743415783e+01 9.873288804595070189e+01 9.871178185220917101e+01 9.930396792124767558e+01 9.908393359746773399e+01 9.864130662885949619e+01
9.911678495753726281e+01 9.920827337057302486e+01 9.920094011365389974e+01 9.910917243137846810e+01 9.929808669991152215e+01 9.847504637920143011e+01 9.858570749502983688e+01 9.953007121319316752e+01 9.910634392091802169e+01 9.871580801336020272e+01
9.924797693093957207e+01 9.920456532940661987e+01 9.925853861976422365e+01 9.893778889523947839e+01 9.914114732152874865e+01 9.865926626099832220e+01 9.865009150130217108e+01 9.931526760173431967e+01 9.933530145340466788e+01 9.862606410635366672e+01
9.928753019888539200e+01 9.925850410163791082e+01 9.931330946707819862e+01 9.913455833750617785e+01 9.936762799787329925e+01 9.843560979000250200e+01 9.859464236368341972e+01 9.930806506626836949e+01 9.936143935065726396e+01 9.851681377858785993e+01
9.926810036458000752e+01 9.926101232105744998e+01 9.929119432202207918e+01 9.896038983327032668e+01 9.899569703907874896e+01 9.860152018805624152e+01 9.854637732847619702e+01 9.914546927296008505e+01 9.909418101917781030e+01 9.858147111589730116e+01
9.939678046975217285e+01 9.921219465897056011e+01 9.910808778695394494e+01 9.891127361462115175e+01 9.925725067679714186e+01 9.859818734072435120e+01 9.879421592493028470e+01 9.934174380570001972e+01 9.928893807206073063e+01 9.858988346620829191e+01
9.928602982229327267e+01 9.927399782097178615e+01 9.935872109329802981e+01 9.907789834413767949e+01 9.919558796468172090e+01 9.863868092136789301e+01 9.870992281825863301e+01 9.937943955399332197e+01 9.953783533127072758e+01 9.856964946923908144e+01
9.941930304020146991e+01 9.933019768925139203e+01 9.944691901643045640e+01 9.915503624213900480e+01 9.905364299129487904e+01 9.861554703559313850e+01 9.861345593413466304e+01 9.907925295705125279e+01 9.910700101477216606e+01 9.861796219420789100e+01
